66 100 Y
12
12
12
12
12
12
12
12
12
12
12
12
12
12
12
12
12
12
12
12
12
12
12
12
12
12
12
12
12
12
12
12
12
12
12
12
12
12
12
12
12
12
12
12
12
12
12
12
12
12
12
15 -3 -3 0 0 0 0 1 1
19
19
19
19
19
19
19
19
19
19
19
19
19
19
19
19
19
19
19
19
19
19
19
19
19
19
19
21 -4 -4 1 4 2 0 -1 -1 0 0 0 0 0 0 0 0 1 1
34 -3 -3 -2 -4 -2 0 -1 -1
36
36
36
36
36
36
36
36
36
36
36
36
36
36
36
36
36
36
36
12
12
12
12
12
12
12
12
12
12
12
12
12
12
12
12
12
12
12
12
12
12
12
12
12
12
12
12
12
12
12
12
12
12
12
12
12
12
12
12
12
12
12
12
12
12
12
12
12
12
16 -3 -3 0 0 0 0 1 1
19
19
19
19
19
19
19
19
19
19
19
19
19
19
19
19
19
19
19
19
19
19
19
19
19
19
19
22 -4 -4 1 4 2 0 -1 -1 0 0 0 -1 0 0 0 0 1 1
34 -3 -3 -1 -3 -2 0 -1 -2 -1
36
36
36
36
36
36
36
36
36
36
36
36
36
36
36
36
36
36
36
36
12
12
12
12
12
12
12
12
12
12
12
12
12
12
12
12
12
12
12
12
12
12
12
12
12
12
12
12
12
12
12
12
12
12
12
12
12
12
12
12
12
12
12
12
12
12
12
12
12
16 -3 -3 0 -1 0 0 1 1 0 0 0 1
19
19
19
19
19
19
19
19
19
19
19
19
19
19
19
19
19
19
19
19
19
19
19
19
19
19
19
23 -5 -5 1 4 1 0 0 0 0 0 -1 -1 0 0 0 0 1 1
35 -2 -2 -1 -3 -2 0 -1 -2 -1 0 0 -1
36
36
36
36
36
36
36
36
36
36
36
36
36
36
36
36
36
36
36
36
36
12
12
12
12
12
12
12
12
12
12
12
12
12
12
12
12
12
12
12
12
12
12
12
12
12
12
12
12
12
12
12
12
12
12
12
12
12
12
12
12
12
12
12
12
12
12
12
12
17 -3 -3 0 -1 0 0 1 1 0 0 0 1
19
19
19
19
19
19
19
19
19
19
19
19
19
19
19
19
19
19
19
19
19
19
19
19
19
19
19
23 -5 -5 1 4 1 0 0 0 0 0 -1 -2 -1 0 0 0 0 1
35 -2 -2 -1 -2 -1 -1 -1 -1 -1 0 -1 -1 -1
36
36
36
36
36
36
36
36
36
36
36
36
36
36
36
36
36
36
36
36
36
36
12
12
12
12
12
12
12
12
12
12
12
12
12
12
12
12
12
12
12
12
12
12
12
12
12
12
12
12
12
12
12
12
12
12
12
12
12
12
12
12
12
12
12
12
12
12
12 -1 0 0 1
17 -2 -2 0 -2 0 0 0 1 0 0 0 1
19
19
19
19
19
19
19
19
19
19
19
19
19
19
19
19
19
19
19
19
19
19
19
19
19
19
19
24 -6 -6 1 4 1 0 1 1 0 0 -1 -2
35 -1 -1 -1 -1 -1 -1 -1 -1 -1 0 -1 -1 -1
36
36
36
36
36
36
36
36
36
36
36
36
36
36
36
36
36
36
36
36
36
36
36
12
12
12
12
12
12
12
12
12
12
12
12
12
12
12
12
12
12
12
12
12
12
12
12
12
12
12
12
12
12
12
12
12
12
12
12
12
12
12
12
12
12
12
12
12
13 -2 -2 1 3 2 -1 -2 -2 -1 0 1 1 1
21 3 -7 0 -6 1 -1 -1 1 1 0 1 1 1 -1 0 1 1
19
19
19
19
19
19
19
19
19
19
19
19
19
19
19
19
19
19
19
19
19
19
19
19
19
19
19
25 -6 -6 1 3 0 0 2 2 0 0 -1 -2 0 0 0 0 0 0 0 0 0 0 0 1
36 -1 -1 -1 -1 -1 0 -1 -1 -1
36
36
36
36
36
36
36
36
36
36
36
36
36
36
36
36
36
36
36
36
36
36
36
36
12
12
12
12
12
12
12
12
12
12
12
12
12
12
12
12
12
12
12
12
12
12
12
12
12
12
12
12
12
12
12
12
12
12
12
12
12
12
12
12
12
12
12
12
14 -3 -3 2 3 2 -1 -2 -2 -1 0 1 1 1
32 -8 -7 -2 -6 -2 0 0 0 0 0 1 2 1 0 0 0 1 1
28 12 -1 0 0 1 -2 1
19
19
19
19
19
19
19
19
19
19
19
19
19
19
19
19
19
19
19
19
19
19
19
19
19
19
25 -7 -7 0 3 0 0 2 2 0 0 0 -2 0 0 0 0 0 0 0 0 0 0 0 1
36 0 0 0 -1
36
36
36
36
36
36
36
36
36
36
36
36
36
36
36
36
36
36
36
36
36
36
36
36
36
12
12
12
12
12
12
12
12
12
12
12
12
12
12
12
12
12
12
12
12
12
12
12
12
12
12
12
12
12
12
12
12
12
12
12
12
12
12
12
12
12
12
12
14 -4 -4 2 4 2 0 -2 -2 -1 0 1 1
33 -7 -7 -2 -6 -2 0 -1 -1 0 0 1 2 1 0 0 0 1 1
37
29 12 -1 0 0 -2 -2 1 0 0 0 0 0 0 1
19
19
19
19
19
19
19
19
19
19
19
19
19
19
19
19
19
19
19
19
19
19
19
19
19
26 -7 -7 0 1 0 0 2 3 0 0 0 -1 0 0 0 0 -1 -1 0 0 0 0 0 1
36
36
36
36
36
36
36
36
36
36
36
36
36
36
36
36
36
36
36
36
36
36
36
36
36
36
36
12
12
12
12
12
12
12
12
12
12
12
12
12
12
12
12
12
12
12
12
12
12
12
12
12
12
12
12
12
12
12
12
12
12
12
12
12
12
12
12
12
12
15 -5 -4 2 5 2 0 -2 -2 -1 0 0 0 0 0 0 0 0 1 0 0 0 0 0 -1
33 -6 -6 -2 -6 -2 0 -1 -2 0 0 0 1 0 0 0 0 1 1 0 0 0 0 0 1
37
37
31 11 -1 0 1 -5 0 0 0 0 0 0 0 -1 1
19
19
19
19
19
19
19
19
19
19
19
19
19
19
19
19
19
19
19
19
19
19
19
19
27 -7 -7 0 0 0 0 2 3 -1 0 0 0 0 0 0 0 -1 -1
36
36
36
36
36
36
36
36
36
36
36
36
36
36
36
36
36
36
36
36
36
36
36
36
36
36
36
31 6 5 -1 -4 -1 0 -1 -1 0 0 1 2
12
12
12
12
12
12
12
12
12
12
12
12
12
12
12
12
12
12
12
12
12
12
12
12
12
12
12
12
12
12
12
12
12
12
12
12
12
12
12
12
12
16 -6 -5 2 6 2 0 -1 -2 -1 0 0 0 0 0 0 0 1 1 0 0 0 0 0 -1
34 -5 -5 -2 -5 -3 0 -2 -2 -1 0 0 0 0 0 0 0 1 1 0 0 0 0 0 1
37
37
37
33 9 -1 0 0 -6 2
19
19
19
19
19
19
19
19
19
19
19
19
19
19
19
19
19
19
19
19
19
19
19
28 -7 -7 0 -1 0 0 2 3 -1 0 0 1 0 0 0 0 -1 -1
36
36
36
36
36
36
36
36
36
36
36
36
36
36
36
36
36
36
36
36
36
36
36
36
36
36
36
31 6 6 -1 -4 0 0 -1 -1 0 0 0 2 0 0 0 0 0 0 0 0 0 0 0 -1
19 1 1 1 1 1 0 1 1 0 0 0 1
12
12
12
12
12
12
12
12
12
12
12
12
12
12
12
12
12
12
12
12
12
12
12
12
12
12
12
12
12
12
12
12
12
12
12
12
12
12
12
12
16 -6 -6 2 6 2 0 -1 -1 0 0 -1 -1 0 0 0 0 1 1 0 0 0 0 0 -1
35 -4 -4 -2 -5 -3 -1 -2 -2 -1 0 0 -1
37
37
37
37
35 6 -1 0 1 -6 3 0 0 0 0 0 0 0 -1
19
19
19
19
19
19
19
19
19
19
19
19
19
19
19
19
19
19
19
19
19
19
29 -7 -7 0 -2 0 0 2 3 -1 0 0 1 0 0 0 0 -1 -1 0 0 0 0 0 -1
36
36
36
36
36
36
36
36
36
36
36
36
36
36
36
36
36
36
36
36
36
36
36
36
36
36
36
30 6 6 0 -3 0 0 -2 -2 0 0 0 2 0 0 0 0 0 0 0 0 0 0 0 -1
19 0 1 0 1 0 0 0 1
19
12
12
12
12
12
12
12
12
12
12
12
12
12
12
12
12
12
12
12
12
12
12
12
12
12
12
12
12
12
12
12
12
12
12
12
12
12
12
12
17 -7 -7 2 6 2 0 0 0 0 0 -1 -2 -1 0 0 0 1 1
36 -4 -3 -2 -4 -2 -1 -2 -2 -1 0 -1 -1 -1
37
37
37
37
37
36 3 -1 0 1 -3 1 -1 0 0 0 0 0 1 -1
19
19
19
19
19
19
19
19
19
19
19
19
19
19
19
19
19
19
19
19
19 -1 0 0 1 1 0 -1 -1
30 -6 -6 0 -3 0 0 2 2 0 0 0 2 0 0 0 0 0 0 0 0 0 0 0 -1
36
36
36
36
36
36
36
36
36
36
36
36
36
36
36
36
36
36
36
36
36
36
36
36
36
36
36
29 7 7 0 -2 0 1 -2 -3 0 0 0 1 0 0 0 0 1 1 0 0 0 0 0 -1
19
19
19
12
12
12
12
12
12
12
12
12
12
12
12
12
12
12
12
12
12
12
12
12
12
12
12
12
12
12
12
12
12
12
12
12
12
12
12
12
12
18 -8 -8 1 6 2 0 1 0 0 0 -1 -2 -1 0 0 0 1 1
36 -3 -2 -1 -3 -2 -1 -2 -2 -1 0 -1 -1 -1
37
37
37
37
37
37
38
19 1 -1 0 -1 1 1 -1
19
19
19
19
19
19
19
19
19
19
19
19
19
19
19
19
19
19
20 -1 -1 1 1 1 0 -1 -1 0 0 1 1
31 -6 -6 -1 -4 -1 0 1 1 0 0 1 2 0 0 0 0 0 0 0 0 0 0 0 -1
36
36
36
36
36
36
36
36
36
36
36
36
36
36
36
36
36
36
36
36
36
36
36
36
36
36
36
28 7 7 0 -1 0 0 -2 -3 1 0 0 1 0 0 0 0 1 1
19
19
19
19
12
12
12
12
12
12
12
12
12
12
12
12
12
12
12
12
12
12
12
12
12
12
12
12
12
12
12
12
12
12
12
12
12
12
12
12
12
19 -9 -8 1 6 1 0 1 1 0 0 -1 -3 -1 0 0 0 0 0 0 0 0 0 0 1
37 -2 -2 -1 -2 -1 -1 -1 -2 -1 0 -1 -1 -1 0 0 0 0 -1
37
37
37
37
37
37
37
37
21 4 -1 0 -1 4 2 -1 0 0 0 0 0 0 1 1
19
19
19
19
19
19
19
19
19
19
19
19
19
19
19
19
19
20 -1 -1 1 2 1 0 -1 -1 -1 0 1 1 1
31 -6 -5 -1 -4 -1 0 1 1 0 0 1 2
36
36
36
36
36
36
36
36
36
36
36
36
36
36
36
36
36
36
36
36
36
36
36
36
36
36
36
38 2 -7 3 3 -5 1 0 -1 2 0 -2 1 1 0 0 0 -1
21 4 -4 3 -5 2 0 -2 3 -1 0 -1 1
19
19
19
19
12
12
12
12
12
12
12
12
12
12
12
12
12
12
12
12
12
12
12
12
12
12
12
12
12
12
12
12
12
12
12
12
12
12
12
12
20 -9 -9 1 5 0 -1 2 2 0 0 -1 -3 0 0 0 0 0 0 0 0 0 0 0 1
37 -1 -1 -1 -1 -1 0 -1 -1 -1 0 -1 -1 -1
37
37
37
37
37
37
37
37
37
23 7 -1 0 -1 6 2
19
19
19
19
19
19
19
19
19
19
19
19
19
19
19
19
20 -2 -2 1 2 1 0 -1 -1 0 0 1 1 1
32 -5 -5 -1 -4 -1 0 0 0 0 0 1 2 1 0 0 0 1 1
36
36
36
36
36
36
36
36
36
36
36
36
36
36
36
36
36
36
36
36
36
36
36
36
36
36
36
42 -5 -5 0 0 0 0 2 2 0 0 0 0 0 0 0 0 -1 -1
47
45 4 -4 -2 4 -2 0 -2 3 -1 0 1 -1
29 8 -13 2 -4 0 1 2 -4 0 1 2 -2 0 0 0 0 0 0 0 0 0 0 1 -1
19
19
19
12
12
12
12
12
12
12
12
12
12
12
12
12
12
12
12
12
12
12
12
12
12
12
12
12
12
12
12
12
12
12
12
12
12
12
22 -10 -10 1 4 1 -1 3 3 -1 0 -1 -2 0 0 0 0 -1 -1 0 0 0 0 0 1
37 -1 -1 -1 -1 0 0 -1 -1 0 0 -1
37
37
37
37
37
37
37
37
37
37
25 10 -1 0 -1 6 1 0 0 0 0 0 0 1 -1
19
19
19
19
19
19
19
19
19
19
19
19
19
19
19
20 -2 -2 1 3 2 -1 -2 -2 0 0 0 1
33 -5 -4 -1 -4 -2 0 0 -1 0 0 0 1 0 0 0 0 1 1
36
36
36
36
36
36
36
36
36
36
36
36
36
36
36
36
36
36
36
36
36
36
36
36
36
36
36
43 -4 -5 0 -1 0 0 1 2 0 0 0 1
47
47
47
48
39 8 -11 -3 5 0 1 2 -2 0 0 -2 3 0 0 0 0 0 1 0 0 0 0 0 1
22 5 -5 3 -6 2 0 -1 3 -1 0 -1 0 0 0 0 0 0 0 0 0 0 0 0 1
19
12
12
12
12
12
12
12
12
12
12
12
12
12
12
12
12
12
12
12
12
12
12
12
12
12
12
12
12
12
12
12
12
12
12
23 -10 -10 0 2 0 -1 3 4 -1 0 0 -2 0 0 0 0 -1 -1 0 0 0 0 0 1
37
37
37
37
37
37
37
37
37
37
37
37
26 11 -1 0 0 4 -1 1 0 0 0 0 0 0 -1
19
19
19
19
19
19
19
19
19
19
19
19
19
19
21 -3 -3 2 3 2 0 -1 -2
33 -4 -4 -2 -4 -2 0 -1 -1 0 0 0 1 0 0 0 0 1 1
36
36
36
36
36
36
36
36
36
36
36
36
36
36
36
36
36
36
36
36
36
36
36
36
36
36
36
43 -4 -4 0 -2 0 0 1 1 0 0 0 1 0 0 0 0 0 0 0 0 0 0 0 -1
47
47
47
47
47
47
46 3 -3 -2 3 -2 0 -2 3 -1 -1 1 -1 0 0 0 0 0 -1 1
30 8 -13 2 -3 0 1 2 -5 0 0 2 -2 0 0 0 0 0 -1 0 0 0 0 1 -1
12
12
12
12
12
12
12
12
12
12
12
12
12
12
12
12
12
12
12
12
12
12
12
12
12
12
12
12
12
12
12
12
12
24 -10 -10 0 1 0 -1 3 5 -1 0 0 0 0 0 0 0 -1 -2 1
37
37
37
37
37
37
37
37
37
37
37
37
37
28 12 -1 0 0 1 -3 1 0 0 0 0 0 0 0 1
19
19
19
19
19
19
19
19
19
19
19
19
19
21 -4 -4 1 4 2 0 -1 -1 0 0 0 0 0 0 0 0 1 1
34 -3 -3 -2 -4 -2 0 -1 -1
36
36
36
36
36
36
36
36
36
36
36
36
36
36
36
36
36
36
36
36
36
36
36
36
36
36
36 -1 -1 0 1 1 0 0 -1
44 -4 -4 0 -2 0 0 1 1 0 0 0 1
47
47
47
47
47
47
47
47
48
12
12
12
12
12
12
12
12
12
12
12
12
12
12
12
12
12
12
12
12
12
12
12
12
12
12
12
12
12
12
12
12
26 -10 -10 0 -1 0 -1 3 4 -1 0 0 1 0 0 0 0 -1 -1 1
38
37
37
37
37
37
37
37
37
37
37
37
37
37
30 12 -1 0 0 -3 -2 1 0 0 0 0 0 0 1
19
19
19
19
19
19
19
19
19
19
19
19
22 -4 -4 1 4 2 0 -1 -1 0 0 0 -1 0 0 0 0 1 1
34 -3 -3 -1 -3 -2 0 -1 -2 -1
36
36
36
36
36
36
36
36
36
36
36
36
36
36
36
36
36
36
36
36
36
36
36
36
36
36
37 -1 -1 1 1 1 0 -1 -1
44 -4 -4 -1 -3 -1 0 0 1 0 0 0 1
47
47
47
47
47
47
47
47
47
47
12
12
12
12
12
12
12
12
12
12
12
12
12
12
12
12
12
12
12
12
12
12
12
12
12
12
12
12
12
12
12 -1 0 0 1 1 0 -1 -1
32 -13 -15 -1 -3 -1 -1 4 6 -1 0 0 2 0 0 0 0 -1 -2 0 0 0 0 0 -1
41 3 -4 1 -1 0 0 1 -1 0 0 1 -1
38
38
37
37
37
37
37
37
37
37
37
37
37
37
31 11 -1 0 1 -5 0 0 0 0 0 0 0 -1 1
19
19
19
19
19
19
19
19
19
19
19
23 -5 -5 1 4 1 0 0 0 0 0 -1 -1 0 0 0 0 1 1
35 -2 -2 -1 -3 -2 0 -1 -2 -1 0 0 -1
36
36
36
36
36
36
36
36
36
36
36
36
36
36
36
36
36
36
36
36
36
36
36
36
36
36
37 -1 -1 1 2 1 0 -1 -1
45 -4 -3 -1 -3 -1 0 0 0 0 0 0 1 0 0 0 0 0 1
47
47
47
47
47
47
47
47
47
47
47
12
12
12
12
12
12
12
12
12
12
12
12
12
12
12
12
12
12
12
12
12
12
12
12
12
12
12
12
12
12 -1 -1 1 1 1 0 -1 -1 -1 0 1 1 1
34 -13 -13 -1 -5 0 -1 4 4 -1 0 1 3 0 0 0 0 -1 -1 0 0 0 0 0 -1
47
47
44 3 -4 -1 2 0 0 1 -1 0 0 -1 1
39 1 -2 1 -2 1 0 0 1
38
37
37
37
37
37
37
37
37
37
37
37
33 8 -1 0 1 -7 2
19
19
19
19
19
19
19
19
19
19
23 -5 -5 1 4 1 0 0 0 0 0 -1 -2 -1 0 0 0 0 1
35 -2 -2 -1 -2 -1 -1 -1 -1 -1 0 -1 -1 -1
36
36
36
36
36
36
36
36
36
36
36
36
36
36
36
36
36
36
36
36
36
36
36
36
36
36
37 -2 -2 1 2 1 0 -1 -1
45 -3 -3 -1 -3 -1 0 0 0 0 0 0 1 0 0 0 0 0 1
47
47
47
47
47
47
47
47
47
47
47
47
12
12
12
12
12
12
12
12
12
12
12
12
12
12
12
12
12
12
12
12
12
12
12
12
12
12
12
12
13 -2 -2 1 2 2 -1 -2 -2 -1 1 1 1 1 0 0 0 -1 -1 -1
36 -13 -13 -1 -7 -1 0 3 3 0 -1 1 4 1 0 0 0 0 0 0 0 0 0 0 -1
47
47
47
47
47 1 -1 -1 1 -1 0 -1 1 -1
42 3 -5 1 -1 0 0 1 -2 0 0 1 -1
38
38
37
37
37
37
37
37
37
37
37
35 5 -1 0 1 -5 3 0 0 0 0 0 0 0 -1
19
19
19
19
19
19
19
19
19
24 -6 -6 1 4 1 0 1 1 0 0 -1 -2
35 -1 -1 -1 -1 -1 -1 -1 -1 -1 0 -1 -1 -1
36
36
36
36
36
36
36
36
36
36
36
36
36
36
36
36
36
36
36
36
36
36
36
36
36
36
37 -2 -2 1 2 1 0 -1 -1
46 -3 -3 -1 -3 -1 0 -1 -1
47
47
47
47
47
47
47
47
47
47
47
47
47
12
12
12
12
12
12
12
12
12
12
12
12
12
12
12
12
12
12
12
12
12
12
12
12
12
12
12
13 -3 -3 2 3 2 -1 -2 -2 -1 0 1 1 1 0 0 0 -1 -1
38 -12 -12 -2 -8 -2 0 2 2 0 -1 1 4 1 0 0 0 1 1 0 0 0 0 0 -1
47
47
47
47
47
47
47
45 3 -4 -1 2 0 0 0 0 0 0 -1 1
39 2 -2 1 -2 1 0 0 1
38
37
37
37
37
37
37
37
37
37 2 -1 0 1 -2 1 -1 0 0 0 0 0 1 -1
19
19
19
19
19
19
19
19
25 -6 -6 1 3 0 0 2 2 0 0 -1 -2 0 0 0 0 0 0 0 0 0 0 0 1
36 -1 -1 -1 -1 -1 0 -1 -1 -1
36
36
36
36
36
36
36
36
36
36
36
36
36
36
36
36
36
36
36
36
36
36
36
36
36
36
38 -3 -2 1 2 1 0 -1 -1
46 -2 -2 -1 -2 -1 0 -1 -1
47
47
47
47
47
47
47
47
47
47
47
47
47
47
12
12
12
12
12
12
12
12
12
12
12
12
12
12
12
12
12
12
12
12
12
12
12
12
12
12
14 -4 -4 2 5 3 -1 -3 -3 -1 0 1 2 1
39 -11 -11 -2 -8 -3 0 1 1 0 0 1 3 1 0 0 0 1 1
47
47
47
47
47
47
47
47
47
47 1 -1 -1 1 0 0 -1 1
42 3 -5 0 0 0 0 1 -2 0 0 0 0 0 0 0 0 0 -1
38
37
37
37
37
37
37
37
38
20 1 -1 0 -1 1 1 -1 0 0 0 0 0 -1
19
19
19
19
19
19
25 -7 -7 0 3 0 0 2 2 0 0 0 -2 0 0 0 0 0 0 0 0 0 0 0 1
36 0 0 0 -1
36
36
36
36
36
36
36
36
36
36
36
36
36
36
36
36
36
36
36
36
36
36
36
36
36
36
38 -3 -3 1 3 1 0 0 -1 0 0 0 -1 0 0 0 0 0 1
46 -2 -2 -1 -2 -1 0 -1 -1
47
47
47
47
47
47
47
47
47
47
47
47
47
47
47
12
12
12
12
12
12
12
12
12
12
12
12
12
12
12
12
12
12
12
12
12
12
12
12
12
15 -5 -5 3 5 3 -1 -3 -3 -1 0 1 1 1
40 -10 -9 -3 -9 -3 0 -1 -1 0 0 1 3 1 0 0 0 1 2
47
47
47
47
47
47
47
47
47
47
47
47
45 3 -3 -1 2 0 0 0 0 0 0 0 1
39 2 -3 1 -2 1 0 0 1
38
37
37
37
37
37
37
21 5 -1 0 -1 5 2 0 0 0 0 0 0 0 1 1
19
19
19
19
19
26 -7 -7 0 1 0 0 2 3 -1 0 0 -1 0 0 0 0 -1 -1 0 0 0 0 0 1
36
36
36
36
36
36
36
36
36
36
36
36
36
36
36
36
36
36
36
36
36
36
36
36
36
36
36
38 -3 -3 1 3 1 0 0 0 0 0 0 -1
47 -1 -1 -1 -2 -1 0 -1 -1
47
47
47
47
47
47
47
47
47
47
47
47
47
47
47
47
12
12
12
12
12
12
12
12
12
12
12
12
12
12
12
12
12
12
12
12
12
12
12
12
16 -6 -6 3 7 3 -1 -2 -3 -1 0 1 1 0 0 0 0 1 1 0 0 0 0 0 -1
42 -9 -8 -3 -8 -3 0 -1 -2 0 0 1 1 1 0 0 0 1 1 0 0 0 0 0 1
47
47
47
47
47
47
47
47
47
47
47
47
47
47
47 1 -1 0 1 -1 0 0 1
42 3 -5 0 0 0 0 1 -2 0 0 0 0 0 0 0 0 0 -1
38
38
37
37
37
37
23 8 -1 0 -1 6 2
19
19
19
19
27 -7 -7 0 0 0 0 2 3 -1 0 0 0 0 0 0 0 -1 -1
36
36
36
36
36
36
36
36
36
36
36
36
36
36
36
36
36
36
36
36
36
36
36
36
36
36
36
39 -4 -4 1 3 1 0 0 0 0 0 0 -1
47 -1 -1 -1 -1 -1 0 -1 -1
47
47
47
47
47
47
47
47
47
47
47
47
47
47
47
47
47
12
12
12
12
12
12
12
12
12
12
12
12
12
12
12
12
12
12
12
12
12
12
12
17 -8 -7 3 8 4 0 -2 -3 -1 0 0 0 0 0 0 0 1 1 0 0 0 0 -1 -1
43 -7 -7 -3 -7 -3 0 -2 -3 -1 0 0 0 0 0 0 0 1 1 0 0 0 0 1 1
47
47
47
47
47
47
47
47
47
47
47
47
47
47
47
47
47
46 2 -3 -1 2 0 0 0 0 0 0 0 1
40 2 -3 1 -2 0 0 0 0 0 0 0 -1
38
37
37
37
25 10 -1 0 -1 6 1 0 0 0 0 0 0 1 -1
19
19
19
28 -7 -7 0 -1 0 0 2 3 -1 0 0 1 0 0 0 0 -1 -1
36
36
36
36
36
36
36
36
36
36
36
36
36
36
36
36
36
36
36
36
36
36
36
36
36
36
36
39 -4 -4 0 3 0 0 1 1 0 0 0 -1
47 -1 -1 0 -1 -1 0 -1 -1 0 0 0 -1
47
47
47
47
47
47
47
47
47
47
47
47
47
47
47
47
47
47
12
12
12
12
12
12
12
12
12
12
12
12
12
12
12
12
12
12
12
12
12
12
18 -9 -8 3 8 3 0 -2 -2 0 0 -1 -1 0 0 0 0 1 1 0 0 0 0 0 -1
44 -6 -6 -3 -7 -4 -1 -3 -3 -1 0 0 -1 0 0 0 0 0 1 0 0 0 0 0 1
47
47
47
47
47
47
47
47
47
47
47
47
47
47
47
47
47
47
47
47
43 3 -5 0 0 0 0 1 -2 0 0 0 0 0 0 0 0 0 -1
38 1 -1 0 -1 1 0 -1 1
38
37
26 11 -1 0 0 4 -1 1 0 0 0 0 0 0 -1
19
19
29 -7 -7 0 -2 0 0 2 3 0 0 0 1 0 0 0 0 -1 -1 0 0 0 0 0 -1
36
36
36
36
36
36
36
36
36
36
36
36
36
36
36
36
36
36
36
36
36
36
36
36
36
36
36
37 -1 -1
41 -3 4 1 -2 0 0 -1 1 0 0 1 -1
47 -1 1 -1 1 -1 0 1 -1 1
48
47
47
47
47
47
47
47
47
47
47
47
47
47
47
47
47
47
12
12
12
12
12
12
12
12
12
12
12
12
12
12
12
12
12
12
12
12
12
19 -10 -9 2 8 3 0 -1 -1 0 0 -1 -2 -1 0 0 0 1 2
45 -5 -5 -3 -6 -3 -1 -3 -3 -1 0 -1 -1 -1
47
47
47
47
47
47
47
47
47
47
47
47
47
47
47
47
47
47
47
47
47
47
46 2 -2 -1 2 -1 0 0 1
40 2 -3 1 -2 0 0 0 0 0 0 1 -1 0 0 0 0 0 1
37
28 12 -1 0 0 0 -3 1 0 0 0 0 0 0 0 1
19 -1 -1 0 1 1 0 -1 -1
30 -6 -6 0 -3 0 0 2 2 0 0 0 2 0 0 0 0 0 0 0 0 0 0 0 -1
36
36
36
36
36
36
36
36
36
36
36
36
36
36
36
36
36
36
36
36
36
36
36
36
36
36
36
37 -1 -1
38
37
38 -1 2 1 -2 1 0 1 -1 1
44 -3 4 -1 1 0 0 -1 1 0 0 -1 1
48
48
47
47
47
47
47
47
47
47
47
47
47
47
47
47
47
12
12
12
12
12
12
12
12
12
12
12
12
12
12
12
12
12
12
12
12
20 -11 -11 2 9 2 0 0 0 0 0 -1 -3 -1 0 0 0 1 1
45 -4 -4 -2 -4 -3 -1 -3 -3 -1 0 -1 -2 -1
47
47
47
47
47
47
47
47
47
47
47
47
47
47
47
47
47
47
47
47
47
47
47
47
47
43 3 -5 0 1 0 0 1 -2 0 0 -1 0 0 0 0 0 0 -1
31 11 -2 1 0 -2 -2 -1 0 -1 0 0 1 0 1 0 -1
31 -6 -6 -1 -3 -1 0 1 1 0 0 1 2 0 0 0 0 0 0 0 0 0 0 0 -1
36
36
36
36
36
36
36
36
36
36
36
36
36
36
36
36
36
36
36
36
36
36
36
36
36
36
36
37 -1 -1
38
37
37
37
38
41 -3 4 1 -2 0 0 -1 1 0 0 1 -1
47 -1 2 -1 2 -1 0 1 -1 1
48
47
47
47
47
47
47
47
47
47
47
47
47
47
47
12
12
12
12
12
12
12
12
12
12
12
12
12
12
12
12
12
12
12
22 -12 -12 2 8 2 0 2 2 0 0 -1 -4 -1 0 0 0 1 1 0 0 0 0 0 1 0 0 0 0 0 0 0 -1
46 -3 -2 -2 -3 -2 -1 -2 -2 -1 0 -1 -1 -1 0 0 0 -1 -1 -1
47
47
47
47
47
47
47
47
47
47
47
47
47
47
47
47
47
47
47
47
47
47
47
47
47
47
47
37 17 3 2 -4 -7 -2 3 -2 0 0 0 1 -1 2
30 -6 9 -3 5 0 0 -1 1 0 0 -2 2 0 0 0 0 0 -1
36
36
36
36
36
36
36
36
36
36
36
36
36
36
36
36
36
36
36
36
36
36
36
36
36
36
37 -1 -1
38
37
37
37
37
37
37
38 -1 1 1 -1 1 0 1 -1 1
44 -3 5 -1 1 0 0 -1 2 0 0 -1 1
47
47
47
47
47
47
47
47
47
47
47
47
47
47
12
12
12
12
12
12
12
12
12
12
12
12
12
12
12
12
12
12
23 -13 -13 1 7 1 -1 3 3 0 0 -1 -4 -1 0 0 0 0 0 0 0 0 0 0 1
47 -2 -2 -1 -2 -2 -1 -2 -2 -1 -1 -1 -1 -1 0 0 0 -1 -1 -1
47
47
47
47
47
47
47
47
47
47
47
47
47
47
47
47
47
47
47
47
47
47
47
47
47
47
47
47
38 17 -1 0 1 -12 3 0 0 0 0 0 0 -1 0 -1 1 0 0 0 0 0 0 0 0 0 0 1
12
21 -7 11 2 -3 0 0 -1 4 0 0 2 -2 0 0 0 0 0 1 0 0 0 0 1 -1
35 -3 3 -2 3 -2 0 2 -2 1 0 1 -1
36
36
36
36
36
36
36
36
36
36
36
36
36
36
36
36
36
36
36
36
36
36
36
37 0 -1
37
37
37
37
37
37
37
37
37
38
40 -3 4 1 -2 0 0 0 0 0 0 1 -1
46 -2 2 -1 2 -1 0 0 -1
47
47
47
47
47
47
47
47
47
47
47
47
12
12
12
12
12
12
12
12
12
12
12
12
12
12
12
12
12
23 -15 -10 -2 7 3 0 2 3 1 -1 0 -2 -1 0 0 0 0 -2 0 0 0 0 1 1
47 -1 -1 -1 -1 -1 -1 -1 -1 -1 0 -1 -1 -1
47
47
47
47
47
47
47
47
47
47
47
47
47
47
47
47
47
47
47
47
47
47
47
47
47
47
47
47
47
41 12 -1 0 1 -11 5 0 0 0 0 0 0 0 -2 0 1
12
12
14 -4 4 2 -4 2 0 1 -3 1 0 -1
29 -7 10 -2 4 0 0 -1 2 0 0 -2 2 0 0 0 0 0 0 0 0 0 0 0 1
36
36
36
36
36
36
36
36
36
36
36
36
36
36
36
36
36
36
36
36
36
37 -1 -1
37
37
37
37
37
37
37
37
37
37
37
37
38 -1 1 1 -1 0 0 1 -1
43 -3 5 0 1 0 0 -1 2 0 0 -1 0 0 0 0 0 0 1
47
48
47
47
47
47
47
47
47
47
47
12
12
12
12
12
12
12
12
12
12
12
12
12
12
12
12
15 -3 -3 0 1 0 0 1 1
20 -2 1 1 -2 1 -1 1 -2 1 1 -1 1 -1 0 0 0 0 1 -1
34 -8 14 0 1 0 -1 -2 6 0 0 -1 1 0 0 0 0 0 2
47 -1 1 -1 1 -1 0 1 -1 1 0 1 -1 1
48
47
47
47
47
47
47
47
47
47
47
47
47
47
47
47
47
47
47
47
47
47
47
47
47
47
47
47
44 6 -1 0 2 -6 4 -1 0 0 0 0 0 1 -2 1 -1 0 0 0 0 0 0 0 0 0 0 -1
12
12
12
12
20 -7 10 2 -4 0 0 -2 3 0 0 2 -2 0 0 0 0 0 0 0 0 0 0 1 -1
34 -3 4 -2 4 -2 0 1 -2 1 0 1 -1
36
36
36
36
36
36
36
36
36
36
36
36
36
36
36
36
36
36
37
37
37
37
37
37
37
37
37
37
37
37
37
37
37
37
40 -3 3 1 -2 0 0 0 0 0 0 1 -1
46 -2 2 -1 2 -1 0 0 -1
47
47
47
47
47
47
47
47
47
12
12
12
12
12
12
12
12
12
12
12
12
12
12
12
15 -3 -3 0 0 0 0 1 1
19
19
19
24 -7 8 4 -6 1 0 0 -2 1 0 1 -2 0 0 0 0 0 -2 1
42 -7 8 -3 6 -1 0 0 -2 1 0 -1 2 0 0 0 0 0 -2 1 0 0 0 1
47
47
47
47
47
47
47
47
47
47
47
47
47
47
47
47
47
47
47
47
47
47
47
47
47
47
47
47 1 -1 0 1 -1 0 -1 1
13 1 -1 0 -1 1 1 -1 0 0 0 0 0 -1
12
12
12
12
14 -3 3 2 -4 2 0 1 -2 1 0 -1 1
27 -6 11 -2 3 0 -1 -2 3 0 0 -2 2 0 0 0 0 0 0 0 0 0 0 -1 1
36
36
36
36
36
36
36
36
36
36
36
36
36
36
36
36
37
37
37
37
37
37
37
37
37
37
37
37
37
37
37
37
37
37
38 -1 1 0 -1 1 0 0 -1
43 -3 5 0 0 0 0 -1 2 0 0 0 0 0 0 0 0 0 1
47
48
47
47
47
47
47
47
12
12
12
12
12
12
12
12
12
12
12
12
12
12
16 -3 -3 0 0 0 0 1 1
19
19
19
19
19
19 -1 1 1 -1 1 0 1 -1 1 0 -1 1
33 -8 14 0 -1 0 0 -2 6 0 0 0 0 0 0 0 0 0 2
47 -2 2 -1 2 -1 -1 1 -2 1 -1 1 -1 1 0 0 0 -1 1 -1
47
47
47
47
47
47
47
47
47
47
47
47
47
47
47
47
47
47
47
47
47
47
47
47
47
47
15 7 -1 0 -2 7 4 -1 0 0 0 0 0 -1 2 1 -1 0 0 0 0 0 0 0 0 0 0 1
12
12
12
12
12
12
19 -6 10 2 -4 0 0 -1 2 0 0 2 -2 0 0 0 0 0 -1 0 0 0 0 0 -1
33 -4 4 -3 5 -2 0 1 -3 1 0 1
36
36
36
36
36
36
36
36
36
36
36
36
36
37
37
37
37
37
37
37
37
37
37
37
37
37
37
37
37
37
37
37
37
37
39 -2 3 1 -2 0 0 0 0 0 0 0 -1
46 -2 3 -1 2 0 0 0 -1 0 0 0 1
47
48
47
47
47
47
12
12
12
12
12
12
12
12
12
12
12
12
12
16 -3 -3 0 -1 0 0 1 1 0 0 0 1
19
19
19
19
19
19
19
19
24 -6 7 3 -6 1 0 0 -2 1 0 0 -1 0 0 0 0 1 -1 1 0 0 0 -1 1
41 -7 9 -3 6 0 0 -1 -1 0 0 -1 2 0 0 0 0 0 -1 1
47
48
47
47
47
47
47
47
47
47
47
47
47
47
47
47
47
47
47
47
47
47
47
47
47
19 13 -1 0 -1 11 5 0 0 0 0 0 0 0 2 0 1
12
12
12
12
12
12
12
13 -2 2 2 -3 1 0 1 -2 1 0 -1 1
26 -6 11 -2 2 0 -1 -2 4 0 0 -2 1 0 0 0 0 0 1 0 0 0 0 -1
36
36
36
36
36
36
36
36
36
36
36
37
37
37
37
37
37
37
37
37
37
37
37
37
37
37
37
37
37
37
37
37
37
37
38 0 0 0 -1
42 -3 5 0 0 0 0 -1 2 0 0 0 0 0 0 0 0 0 1
47 -1 1 0 1 0 0 1 -1
48
47
47
47
12
12
12
12
12
12
12
12
12
12
12
12
17 -3 -3 0 -1 0 0 1 1 0 0 0 1
19
19
19
19
19
19
19
19
19
19
19 -1 1 0 -1 1 0 1 -1 0 0 -1
31 -8 14 1 -2 0 0 -2 5 0 0 1 -1 0 0 0 0 0 2 0 0 0 0 1
46 -2 2 -2 3 -2 -1 2 -2 1 -1 1 -1 1 0 0 0 0 0 -1
48
47
47
47
47
47
47
47
47
47
47
47
47
47
47
47
47
47
47
47
47
47
47
22 18 -1 0 -1 12 2 0 0 0 0 0 0 1 -1 -1 1 0 0 0 0 0 0 0 0 0 0 -1
12
12
12
12
12
12
12
12
12
18 -6 9 3 -5 0 0 -1 0 0 0 2 -2 0 0 0 0 0 -1 1
33 -5 5 -3 5 -2 0 1 -2 1 0 0 0 0 0 0 0 0 -1 0 0 0 0 0 -1
36
36
36
36
36
36
36
36
37
37
37
37
37
37
37
37
37
37
37
37
37
37
37
37
37
37
37
37
37
37
37
37
37
37
39 -2 3 1 -2 0 0 0 -1
45 -3 3 -1 2 0 0 0 0 0 0 -1 1
47
47
47
12
12
12
12
12
12
12
12
12
12
12 -1 0 0 1
17 -2 -2 0 -2 0 0 0 1 0 0 0 1
19
19
19
19
19
19
19
19
19
19
19
19
19
23 -5 6 3 -6 2 0 1 -3 1 0 0 0 0 0 0 0 1 -1 0 0 0 0 -1 1
40 -8 11 -3 6 0 0 -1 1 0 0 -2 3 0 0 0 0 0 -1 1
48
47
47
47
47
47
47
47
47
47
47
47
47
47
47
47
47
47
47
47
47
47
25 21 -1 0 -1 9 -2 1 0 0 0 0 0 1 -2 -1 0 0 0 0 0 0 0 0 0 0 0 0 1
12
12
12
12
12
12
12
12
12
12
13 -2 2 1 -2 1 0 1 -2 1 1 -1 1 0 0 0 0 0 1
25 -7 12 -1 1 0 0 -2 5 0 0 -1 1 0 0 0 0 0 2
36 -1 0 0 1 0 0 0 -1
36
36
36
36
36
37
37
37
37
37
37
37
37
37
37
37
37
37
37
37
37
37
37
37
37
37
37
37
37
37
37
37
37
38
42 -3 5 0 -1 0 0 -1 2 0 0 0 0 0 0 0 0 0 1
47 -1 1 -1 1 -1 0 0 -1 1
47
12
12
12
12
12
12
12
12
12
12 -1 0 0 1 1
17 -2 -2 0 -2 0 0 0 0 0 0 0 1
19
19
19
19
19
19
19
19
19
19
19
19
19
19
19
19
30 -8 13 2 -3 0 -1 -2 4 0 0 2 -2 0 0 0 0 0 1 0 0 0 0 1 -1
46 -3 3 -2 4 -2 0 2 -3 1 -1 1 -1
48
47
47
47
47
47
47
47
47
47
47
47
47
47
47
47
47
47
47
47
28 23 -1 0 0 3 -5 1 0 0 0 0 0 1 -1 1 -1
12
12
12
12
12
12
12
12
12
12
12
12
17 -6 8 3 -5 0 0 -1 -1 0 0 1 -2 0 0 0 0 0 -1 1
32 -5 6 -3 5 -1 0 0 -2 1 0 0 1 0 0 0 0 1 -1 1
36
36
36
37
37
37
37
37
37
37
37
37
37
37
37
37
37
37
37
37
37
37
37
37
37
37
37
37
37
37
37
37
37
37
39 -2 2 1 -2 1 0 0 -1
45 -3 4 -1 2 0 0 0 0 0 0 -1 1
12
12
12
12
12
12
12
12
12 -1 -1 0 1 1 0 -1 -1
17 -2 -2 0 -2 0 0 0 0 0 0 0 1
19
19
19
19
19
19
19
19
19
19
19
19
19
19
19
19
19
19
22 -5 5 3 -5 2 0 1 -3 1 0 -1 0 0 0 0 0 0 0 0 0 0 0 0 1
39 -8 12 -3 5 0 -1 -2 2 0 0 -2 3 0 0 0 0 0 -1 0 0 0 0 -1 1
47
48
47
47
47
47
47
47
47
47
47
47
47
47
47
47
47
47
47
32 23 -1 0 0 -4 -4 1 0 0 0 0 0 -1 1 1
12
12
12
12
12
12
12
12
12
12
12
12
12
13 -1 1 1 -1 1 -1 1 -1 1 0 -1 1 -1
24 -7 12 0 0 0 -1 -2 5 0 0 0 0 0 0 0 0 0 2
36 -2 0 -1 2 -1 0 1 -1 1 0 1 -1
38
37
37
37
37
37
37
37
37
37
37
37
37
37
37
37
37
37
37
37
37
37
37
37
37
37
37
37
37
37
37
37
37
38
12
12
12
12
12
12
12
13 -1 -1 1 1 1 0 -1 -1
18 -2 -2 -1 -2 -1
19
19
19
19
19
19
19
19
19
19
19
19
19
19
19
19
19
19
19
19
19
29 -8 13 3 -4 0 -1 -2 3 0 1 2 -2 0 0 0 0 0 0 0 0 0 0 1 -1
45 -4 4 -3 5 -2 0 2 -3 1 -1 1 -1
48
47
47
47
47
47
47
47
47
47
47
47
47
47
47
47
47
35 21 -1 0 1 -10 -1 1 0 0 0 0 0 -1 2 -1
12
12
12
12
12
12
12
12
12
12
12
12
12
12
21 -12 -11 2 8 2 0 1 1 0 0 -1 -4 -1 0 0 0 1 1 0 0 0 0 0 1
44 -1 -6 -3 -2 -3 -1 -2 -2 -1 0 -1 -1 -1 0 0 0 -1 0 -1
40 2 -3 1 -2 0 0 0 1 0 0 0 -1
38
38
37
37
37
37
37
37
37
37
37
37
37
37
37
37
37
37
37
37
37
37
37
37
37
37
37
37
37
37
37
37
37
12
12
12
12
12
12
13 -1 -1 1 1 1 0 0 -1
18 -2 -2 -1 -2 -1
19
19
19
19
19
19
19
19
19
19
19
19
19
19
19
19
19
19
19
19
19
19
19
21 -4 4 3 -4 2 0 2 -3 2 1 -1 1
38 -8 13 -2 4 0 -1 -2 4 0 0 -2 2 0 0 0 0 0 0 0 0 0 0 -1 1
48
47
47
47
47
47
47
47
47
47
47
47
47
47
47
47
38 17 -1 0 1 -12 3 0 0 0 0 0 0 -1 0 -1 1 0 0 0 0 0 0 0 0 0 0 1
12
12
12
12
12
12
12
12
12
12
12
12
12
23 -13 -12 1 8 1 0 3 3 0 0 -1 -4 -1 0 0 0 0 0 0 0 0 0 0 1
46 -2 -2 -1 -3 -2 -1 -2 -2 -1 0 -1 -1 -1 0 0 0 -1 -1
47
47
43 3 -5 0 0 0 0 1 -2 0 0 0 0 0 0 0 0 0 -1
38 1 -1 0 -1 1 0 0 1
38
37
37
37
37
37
37
37
37
37
37
37
37
37
37
37
37
37
37
37
37
37
37
37
37
37
37
37
37
37
37
12
12
12
12
12
13 -2 -2 1 2 1
18 -1 -1 -1 -1 -1 0 0 -1
19
19
19
19
19
19
19
19
19
19
19
19
19
19
19
19
19
19
19
19
19
19
19
19
19
19
28 -8 12 3 -5 0 -1 -2 2 0 0 2 -3 0 0 0 0 0 -1 0 0 0 0 0 -1
44 -5 5 -3 5 -2 0 1 -3 2 0 1
48
47
47
47
47
47
47
47
47
47
47
47
47
47
41 12 -1 0 2 -11 5 -1 0 0 0 0 0 0 -2 1 1
12
12
12
12
12
12
12
12
12
12
12
12
24 -13 -13 1 6 0 -1 4 4 0 0 -1 -4 0 0 0 0 0 -1 0 0 0 0 0 2
47 -1 -1 -1 -1 -1 -1 -1 -1 -1 0 -1 -1 -1 0 0 0 -1
47
47
47
47
46 2 -2 -1 2 0 0 0 1
40 2 -3 1 -2 0 0 0 0 0 0 1 -1 0 0 0 0 0 1
38
38
37
37
37
37
37
37
37
37
37
37
37
37
37
37
37
37
37
37
37
37
37
37
37
37
37
37
37
37
12
12
12
12
13 -2 -2 1 2 1
18 -1 -1 -1 -1 -1 0 -1 -1
19
19
19
19
19
19
19
19
19
19
19
19
19
19
19
19
19
19
19
19
19
19
19
19
19
19
19
19
21 -3 3 2 -4 2 0 2 -3 1 1 -1 1 0 0 0 0 0 0 -1
36 -8 13 -2 3 0 -1 -2 5 0 -1 -2 2 0 0 0 0 0 1 0 0 0 0 -1 1
47
47
47
47
47
47
47
47
47
47
47
47
47
45 6 -1 0 2 -6 3 -1 0 0 0 0 0 1 -2 1 -1
12
12
12
12
12
12
12
12
12
12
12
26 -14 -13 1 4 0 -1 4 5 -1 0 0 -3 0 0 0 0 -1 -1 0 0 0 0 0 1
47 -1 -1 -1 -1 -1 0 -1 -1 -1
47
47
47
47
47
47
47
43 3 -5 0 1 0 0 1 -2 0 0 -1 0 0 0 0 0 0 -1
38 1 -1 1 -1 1 0 -1 1 -1
38
37
37
37
37
37
37
37
37
37
37
37
37
37
37
37
37
37
37
37
37
37
37
37
37
37
37
37
12
12
12
14 -2 -2 1 2 1 0 0 0 0 0 0 -1
18 -1 -1 0 -1 -1 0 -1 -1
19
19
19
19
19
19
19
19
19
19
19
19
19
19
19
19
19
19
19
19
19
19
19
19
19
19
19
19
19
19
19
26 -7 10 3 -6 0 0 -1 0 0 0 2 -3 0 0 0 0 0 -1 1
44 -5 6 -3 6 -2 0 1 -3 1 0 0 0 0 0 0 0 1 -1 0 0 0 0 1 -1
47
47
47
47
47
47
47
47
47
47
47
47
13 2 -1 0 -1 2 1 -1 0 0 0 0 0 -1 1
12
12
12
12
12
12
12
12
12
28 -14 -14 0 2 0 -1 5 6 -1 0 0 -2 0 0 0 1 -1 -2 1 0 0 0 0 1 0 0 0 0 0 0 0 1
47
47
47
47
47
47
47
47
47
47
46 2 -2 -1 2 -1 0 0 1
40 3 -4 1 -2 0 0 0 0 0 0 1 -1
38
38
37
37
37
37
37
37
37
37
37
37
37
37
37
37
37
37
37
37
37
37
37
37
37
37
37
12
12
14 -2 -2 0 2 0 0 0 0 0 0 0 -1
19 -1 -1 0 -1 -1 0 -1 -1
19
19
19
19
19
19
19
19
19
19
19
19
19
19
19
19
19
19
19
19
19
19
19
19
19
19
19
19
19
19
19
19
19
20 -2 2 2 -3 2 -1 1 -2 1 1 -1 1 -1 0 0 0 0 1 -1
35 -8 14 -1 2 0 -1 -2 6 0 0 -1 1 0 0 0 0 0 2 0 0 0 0 -1
47 -1 0 0 1 -1 0 1 -1
47
47
47
47
47
47
47
47
47
47
16 8 -1 0 -2 8 4 -1 0 0 0 0 0 -1 2 1
12
12
12
12
12
12
12
12
30 -14 -14 0 0 0 -1 5 6 -1 0 0 0 0 0 0 0 -2 -2 1 0 0 0 0 0 0 0 0 0 0 0 1 1
47
47
47
47
47
47
47
47
47
47
47
47
47
44 3 -5 -1 1 0 0 1 -2 0 0 -1 1
38 1 -1 1 -1 1 0 -1 1
38
37
37
37
37
37
37
37
37
37
37
37
37
37
37
37
37
37
37
37
37
37
37
37
37
12
14 -2 -3 0 2 0 0 0 0 0 0 0 -1
19
19
19
19
19
19
19
19
19
19
19
19
19
19
19
19
19
19
19
19
19
19
19
19
19
19
19
19
19
19
19
19
19
19
19
19
19
25 -7 9 3 -6 1 0 -1 -1 1 0 1 -2 0 0 0 0 0 -2 1
43 -6 7 -3 6 -2 0 0 -2 1 0 0 1 0 0 0 0 1 -1 1 0 0 0 1 -1
47
47
47
47
47
47
47
47
47
19 13 -1 0 -2 12 4 -1 0 0 0 0 0 0 1 0 1
12
12
12
12
12
12
12
32 -14 -14 0 -3 0 -1 4 6 -1 0 0 2 0 0 0 0 -1 -2 0 0 0 0 0 -1
48
47
47
47
47
47
47
47
47
47
47
47
47
47
47
46 2 -2 -1 2 -1 0 -1 1
40 3 -4 1 -2 0 0 0 0 0 0 1 -1
37
38
37
37
37
37
37
37
37
37
37
37
37
37
37
37
37
37
37
37
37
37
37
37
15 -2 -4 1 0 0 -1 1 1 -1 0 -1 -1 1 0 0 0 -1 0 0 0 0 0 0 1
19
19
19
19
19
19
19
19
19
19
19
19
19
19
19
19
19
19
19
19
19
19
19
19
19
19
19
19
19
19
19
19
19
19
19
19
19
19
19
20 -1 1 1 -2 1 0 1 -1 1 1 -1 1 -1 0 0 0 0 1 -1
34 -8 14 0 0 0 0 -2 6 0 0 0 0 0 0 0 0 0 2
47 -1 1 -1 1 -1 0 1 -1 1 -1 1 -1 1 0 0 0 0 1 -1
47
47
47
47
47
47
47
22 18 -1 0 -1 12 2 0 0 0 0 0 0 1 -1 -1
12
12
12
12
12
12 -1 -1 1 1 1 -1 -1 -1 -1 0 1 1 1
34 -14 -13 -1 -5 -1 -1 4 5 -1 0 1 3 0 0 0 0 -1 -1 0 0 0 0 0 -1
47
47
47
47
47
47
47
47
47
47
47
47
47
47
47
47
47
47
44 3 -4 -1 1 0 0 1 -1 0 0 -1 1
38 1 -1 1 -1 1 0 -1 1 -1
38
37
37
37
37
37
37
37
37
37
37
37
37
37
37
37
37
37
37
37
37
37
45 3 -5 -3 3 -3 0 -3 2 -2 -1 0 -2 0 0 0 0 -1 -1 0 0 0 0 0 -1
29 8 -13 3 -4 0 1 2 -3 0 1 2 -2 0 0 0 0 0 0 0 0 0 0 1 -1
19
19
19
19
19
19
19
19
19
19
19
19
19
19
19
19
19
19
19
19
19
19
19
19
19
19
19
19
19
19
19
19
19
19
19
19
19
19
19
19
24 -7 8 3 -6 1 0 0 -2 1 0 1 -2 0 0 0 0 0 -2 1 0 0 0 -1
42 -7 8 -3 6 -1 0 0 -1 1 0 -1 2 0 0 0 0 0 -2 1
48
47
47
47
47
47
26 22 -1 0 -1 8 -2 1 0 0 0 0 0 1 -2 0 0 0 0 0 0 0 0 0 0 0 0 1
12
12
12
12
13 -1 -1 1 2 1 -1 -1 -1 -1 0 1 1 1 0 0 0 -1 -1 -1
35 -13 -13 -1 -6 -1 -1 3 4 0 0 1 4 1 0 0 0 0 0 0 0 0 0 0 -1
47
47
47
47
47
47
47
47
47
47
47
47
47
47
47
47
47
47
47
47
47 1 -1 -1 2 -1 0 -1 1
41 3 -4 1 -1 0 0 1 -1 0 0 1 -1
38
38
37
37
37
37
37
37
37
37
37
37
37
37
37
37
37
37
37
37
37
47
47
39 8 -12 -3 5 0 1 2 -2 0 0 -2 3 0 0 0 0 0 1 0 0 0 0 -1 1
22 5 -5 3 -5 2 0 -1 3 -1 0 -1
19
19
19
19
19
19
19
19
19
19
19
19
19
19
19
19
19
19
19
19
19
19
19
19
19
19
19
19
19
19
19
19
19
19
19
19
19
19
19
19 -1 1 1 -1 1 0 1 -1 0 0 -1 1
32 -8 14 1 -1 0 0 -2 6 0 0 1 -1 0 0 0 0 0 2
47 -2 2 -1 2 -1 -1 1 -2 1 -1 1 -1 1 0 0 0 0 1 -1
48
47
47
47
29 23 -2 0 0 2 -5 2 0 0 0 0 0 0 -1 1 -1
12
12
12
13 -2 -2 2 3 2 -1 -2 -2 -1 1 1 1 1 0 0 0 -1 -1
37 -12 -12 -2 -8 -1 0 2 2 0 0 1 4 1 0 0 0 0 1 0 0 0 0 0 -1
47
47
47
47
47
47
47
47
47
47
47
47
47
47
47
47
47
47
47
47
47
47
47
44 3 -4 -1 2 0 0 1 -1 0 0 -1 1
39 1 -2 1 -2 1 0 -1 1 -1
38
37
37
37
37
37
37
37
37
37
37
37
37
37
37
37
37
37
37
47
47
47
46 3 -3 -2 4 -2 0 -2 3 -1 -1 1 -1
30 8 -13 2 -3 0 1 2 -5 0 1 2 -2 0 0 0 0 0 -1 0 0 0 0 1 -1
19
19
19
19
19
19
19
19
19
19
19
19
19
19
19
19
19
19
19
19
19
19
19
19
19
19
19
19
19
19
19
19
19
19
19
19
19
19
19
19
23 -6 7 3 -6 1 0 1 -3 1 0 0 -1 0 0 0 0 1 -1 1 0 0 0 -1 1
41 -7 10 -3 6 0 0 -1 0 0 0 -2 2 0 0 0 0 0 -2 1
47
47
47
32 22 -1 0 0 -5 -4 1 0 0 0 0 0 -1 2 0 -1
12
12
14 -3 -3 2 4 3 -1 -2 -3 -1 0 1 2 1 0 0 0 -1
39 -11 -11 -2 -8 -2 0 1 1 0 0 2 3 1 0 0 0 1 1
47
47
47
47
47
47
47
47
47
47
47
47
47
47
47
47
47
47
47
47
47
47
47
47
47
47 1 -1 -1 1 -1 0 -1 1 -1
41 3 -4 1 -1 0 0 1 -1 0 0 1 -1
38
38
37
37
37
37
37
37
37
37
37
37
37
37
37
37
37
37
47
47
47
47
47
40 7 -11 -3 6 0 0 1 -1 0 0 -2 3 0 0 0 0 0 1 -1 0 0 0 0 1
23 5 -6 3 -6 2 0 -1 3 -1 0 0 0 0 0 0 0 0 1 0 0 0 0 -1 1
19
19
19
19
19
19
19
19
19
19
19
19
19
19
19
19
19
19
19
19
19
19
19
19
19
19
19
19
19
19
19
19
19
19
19
19
19
19
19
19 0 0 0 -1
31 -8 14 1 -2 0 0 -2 5 0 0 2 -1 0 0 0 0 0 2 0 0 0 0 1
46 -2 3 -2 3 -2 -1 2 -2 1 -1 1 -1 1 0 0 0 0 1 -1
48
35 20 -1 0 1 -10 -1 0 0 0 0 0 0 -1 2 -1
12
15 -5 -4 2 5 3 -1 -3 -3 -1 0 1 1 1
40 -11 -10 -2 -9 -3 0 0 -1 0 0 1 3 1 0 0 0 1 2
47
47
47
47
47
47
47
47
47
47
47
47
47
47
47
47
47
47
47
47
47
47
47
47
47
47
47
48
45 3 -4 -1 2 0 0 0 -1 0 0 -1 1
39 2 -2 1 -2 1 0 0 1
38
37
37
37
37
37
37
37
37
37
37
37
37
37
37
37
47
47
47
47
47
47
46 2 -2 -2 3 -2 1 -2 2 -1 -1 1 -1 1 0 0 0 0 -1 1
31 8 -14 1 -2 0 1 2 -5 0 0 1 -1 0 0 0 0 0 -2 0 0 0 0 1
19 1 0 0 -1 1 0 -1 1
19
19
19
19
19
19
19
19
19
19
19
19
19
19
19
19
19
19
19
19
19
19
19
19
19
19
19
19
19
19
19
19
19
19
19
19
19
19
19
23 -5 6 3 -6 2 0 1 -3 1 0 0 0 0 0 0 0 1 -1 0 0 0 0 -1 1
40 -8 11 -3 6 0 0 -1 1 0 0 -2 3 0 0 0 0 0 -1 0 0 0 0 0 1
39 16 -1 0 1 -12 4 0 0 0 0 0 0 -1 0 -1 1 0 0 0 0 0 0 0 0 0 0 1
15 -6 -5 3 6 4 -1 -3 -3 -1 0 1 1 0 0 0 0 0 0 0 0 0 0 0 -1
41 -9 -9 -3 -8 -3 0 -1 -2 0 0 1 2 1 0 0 0 1 2 0 0 0 0 0 1
47
47
47
47
47
47
47
47
47
47
47
47
47
47
47
47
47
47
47
47
47
47
47
47
47
47
47
47
47
47
47 1 -1 -1 1 -1 0 -1 1 -1 0 1
42 3 -5 1 -1 0 0 1 -2 0 0 1
38
38
37
37
37
37
37
37
37
37
37
37
37
37
37
47
47
47
47
47
47
47
47
41 7 -9 -3 6 -1 0 1 1 0 0 -1 2 0 0 0 0 0 1 -1
24 6 -7 3 -6 1 0 0 2 -1 0 0 -1 0 0 0 0 -1 1 -1 0 0 0 -1 1
19
19
19
19
19
19
19
19
19
19
19
19
19
19
19
19
19
19
19
19
19
19
19
19
19
19
19
19
19
19
19
19
19
19
19
19
19
19
19
19
26 -1 9 3 2 -6 2 -5 4 1 0 1 -1 2 -1 0 -1 -1 1 1 0 0 0 1 -1
41 -10 -5 -5 -5 -5 -1 0 -5 1 -1 1 -1 1 0 0 0 1 2 0 0 0 0 0 1
47
47
47
47
47
47
47
47
47
47
47
47
47
47
47
47
47
47
47
47
47
47
47
47
47
47
47
47
47
47
47
47
47
45 3 -4 -1 2 0 0 0 0 0 0 -1 1
39 2 -2 1 -2 0 0 0 1
38
37
37
37
37
37
37
37
37
37
37
37
37
47
47
47
47
47
47
47
47
47
47 2 -2 -1 2 -1 1 -1 2 -1 0 1 -1 1 0 0 0 0 -1 1
33 8 -14 0 0 0 0 2 -6 0 0 0 0 0 0 0 0 0 -2
19 1 -1 1 -1 1 0 -1 1 -1 0 -1 1 -1 0 0 0 0 -1 1
19
19
19
19
19
19
19
19
19
19
19
19
19
19
19
19
19
19
19
19
19
19
19
19
19
19
19
19
19
19
19
19
19
19
19
19
19
19
19
23 -5 6 3 -6 2 0 1 -3 1 0 0 0 0 0 0 0 1 -1 0 0 0 0 -1 1
40 -8 11 -3 6 0 0 -1 1 0 0 -2 3 0 0 0 0 0 -1 1 0 0 0 0 1
48
48
47
47
47
47
47
47
47
47
47
47
47
47
47
47
47
47
47
47
47
47
47
47
47
47
47
47
47
47
47
47
47
47 1 -1 0 1 -1 0 0 1
42 3 -5 0 0 0 0 1 -2 0 0 0 0 0 0 0 0 0 -1
38
38
37
37
37
37
37
37
37
37
37
37
47
47
47
47
47
47
47
47
47
47
47
42 7 -8 -3 6 -1 0 0 2 -1 0 -1 2 0 0 0 0 -1 2 -1
25 7 -8 3 -6 1 0 0 2 -1 0 1 -2 0 0 0 0 -1 2 -1
19
19
19
19
19
19
19
19
19
19
19
19
19
19
19
19
19
19
19
19
19
19
19
19
19
19
19
19
19
19
19
19
19
19
19
19
19
19
19
19
30 -8 13 2 -3 0 -1 -2 5 0 0 2 -2 0 0 0 0 0 1 0 0 0 0 1 -1
46 -3 3 -2 4 -2 0 2 -3 2 -1 1 -1 0 0 0 0 0 0 -1
48
47
47
47
47
47
47
47
47
47
47
47
47
47
47
47
47
47
47
47
47
47
47
47
47
47
47
47
47
47
47
47
47
45 3 -3 -1 2 0 0 0 0 0 0 0 1
39 2 -3 1 -2 1 0 0 1
38
37
37
37
37
37
37
37
37
37
47
47
47
47
47
47
47
47
47
47
47
47
47 1 -1 -1 1 -1 0 -1 1 -1 0 1 -1
34 8 -14 -1 1 0 1 2 -6 0 0 -1 0 0 0 0 0 0 -2
20 2 -1 1 -2 1 1 -1 2 -1 0 -1 1 -1 0 0 0 1 -1 1
19
19
19
19
19
19
19
19
19
19
19
19
19
19
19
19
19
19
19
19
19
19
19
19
19
19
19
19
19
19
19
19
19
19
19
19
19
19
19
22 -5 5 3 -5 2 0 2 -3 1 0 -1 0 0 0 0 0 0 0 0 0 0 0 0 1
39 -8 11 -3 5 0 -1 -2 2 0 0 -2 3 0 0 0 0 0 -1 0 0 0 0 0 1
48
47
47
47
47
47
47
47
47
47
47
47
47
47
47
47
47
47
47
47
47
47
47
47
47
47
47
47
47
47
47
47
47
47 1 -1 0 1 -1
42 3 -5 0 0 0 0 1 -2 0 0 0 0 0 0 0 0 0 -1
38
38
37
37
37
37
37
37
37
47
47
47
47
47
47
47
47
47
47
47
47
47
47
43 6 -7 -3 6 -2 0 -1 2 -1 0 0 1 0 0 0 0 -1 1 -1 0 0 0 1 -1
26 7 -10 3 -6 1 0 1 0 0 0 1 -2 0 0 0 0 0 2 -1
19
19
19
19
19
19
19
19
19
19
19
19
19
19
19
19
19
19
19
19
19
19
19
19
19
19
19
19
19
19
19
19
19
19
19
19
19
19
19
19
29 -8 13 2 -4 0 -1 -2 3 0 1 2 -2 0 0 0 0 0 0 0 0 0 0 1 -1
45 -4 4 -2 4 -2 0 2 -3 1 -1 1 -1
48
47
47
47
47
47
47
47
47
47
47
47
47
47
47
47
47
47
47
47
47
47
47
47
47
47
47
47
47
47
47
47
47
46 2 -3 -1 2 0 0 0 1
40 2 -3 1 -2 0 0 0 1 0 0 0 -1
38
37
37
37
37
37
37
47
47
47
47
47
47
47
47
47
47
47
47
47
47
47
47 1 0 0 1
35 8 -14 -1 2 0 1 2 -5 0 0 -1 1 0 0 0 0 0 -2 0 0 0 0 -1
20 2 -2 2 -3 2 1 -2 2 -1 1 -1 1 0 0 0 0 0 -1
19
19
19
19
19
19
19
19
19
19
19
19
19
19
19
19
19
19
19
19
19
19
19
19
19
19
19
19
19
19
19
19
19
19
19
19
19
19
19
21 -4 4 3 -5 2 0 2 -3 2 0 -1 1
38 -8 12 -3 4 0 0 -2 3 0 0 -2 2 0 0 0 0 0 0 0 0 0 0 -1 1
47
47
47
47
47
47
47
47
47
47
47
47
47
47
47
47
47
47
47
47
47
47
47
47
47
47
47
47
47
47
47
47
47
47 0 0 0 1
43 3 -5 0 0 0 0 1 -2 0 0 0 0 0 0 0 0 0 -1
38 1 -1 0 -1 1 0 -1 1
38
37
37
37
37
47
47
47
47
47
47
47
47
47
47
47
47
47
47
47
47
47
44 5 -6 -3 6 -2 0 -1 3 -1 0 1 0 0 0 0 0 0 1 0 0 0 0 1 -1
27 7 -11 3 -6 0 0 1 -1 0 0 2 -3 0 0 0 0 0 1 -1
19
19
19
19
19
19
19
19
19
19
19
19
19
19
19
19
19
19
19
19
19
19
19
19
19
19
19
19
19
19
19
19
19
19
19
19
19
19
19
19
28 -8 12 3 -5 0 -1 -2 2 0 0 2 -3 0 0 0 0 0 0 0 0 0 0 1 -1
45 -4 5 -3 5 -2 0 2 -3 2 0 1 0 0 0 0 0 0 0 0 0 0 0 0 -1
48
47
47
47
47
47
47
47
47
47
47
47
47
47
47
47
47
47
47
47
47
47
47
47
47
47
47
47
47
47
47
47
47
46 2 -3 -1 2 0 0 0 1
40 2 -3 1 -2 0 0 0 0 0 0 0 -1
38
38
37
37
47
47
47
47
47
47
47
47
47
47
47
47
47
47
47
47
47
47
47
37 8 -13 -2 3 0 0 2 -5 0 -1 -2 2 0 0 0 0 0 -1 0 0 0 0 -1 1
21 3 -3 2 -4 2 0 -2 3 -1 1 -1 1
19
19
19
19
19
19
19
19
19
19
19
19
19
19
19
19
19
19
19
19
19
19
19
19
19
19
19
19
19
19
19
19
19
19
19
19
19
19
19
21 -3 3 2 -4 2 0 2 -3 1 1 -1 1
37 -8 13 -2 3 0 -1 -2 4 0 -1 -2 2 0 0 0 0 0 1 0 0 0 0 -1 1
47
47
47
47
47
47
47
47
47
47
47
47
47
47
47
47
47
47
47
47
47
47
47
47
47
47
47
47
47
47
47
47
47
47
43 3 -5 0 1 0 0 1 -2 0 0 0 0 0 0 0 0 0 -1
38 1 -1 1 -1 1 0 0 1
38
37
47
47
47
47
47
47
47
47
47
47
47
47
47
47
47
47
47
47
47
47
45 5 -5 -3 5 -2 0 -2 3 -2 0 1
28 8 -12 3 -5 0 1 2 -2 0 0 2 -2 0 0 0 0 0 0 0 0 0 0 1 -1
19
19
19
19
19
19
19
19
19
19
19
19
19
19
19
19
19
19
19
19
19
19
19
19
19
19
19
19
19
19
19
19
19
19
19
19
19
19
19
19
27 -8 11 3 -6 0 -1 -1 1 0 0 2 -3 0 0 0 0 0 -1 1 0 0 0 0 -1
44 -5 6 -3 6 -2 0 1 -3 1 0 1 0 0 0 0 0 0 -1 0 0 0 0 1 -1
47
47
47
47
47
47
47
47
47
47
47
47
47
47
47
47
47
47
47
47
47
47
47
47
47
47
47
47
47
47
47
47
47
46 2 -2 -1 2 -1 0 0 1
40 3 -4 1 -2 0 0 0 0 0 0 1 -1
37
47
47
47
47
47
47
47
47
47
47
47
47
47
47
47
47
47
47
47
47
47
48
38 8 -12 -3 4 0 1 2 -3 0 0 -2 2 0 0 0 0 0 0 0 0 0 0 -1 1
21 4 -4 3 -5 2 0 -2 3 -2 1 -1 1
19
19
19
19
19
19
19
19
19
19
19
19
19
19
19
19
19
19
19
19
19
19
19
19
19
19
19
19
19
19
19
19
19
19
19
19
19
19
19
20 -3 3 2 -3 2 -1 2 -2 1 1 -1 1 -1 0 0 0 0 0 -1
36 -8 14 -2 2 0 0 -2 5 0 -1 -2 1 0 0 0 0 0 1 0 0 0 0 -1
47 0 0 0 1
48
47
47
47
47
47
47
47
47
47
47
47
47
47
47
47
47
47
47
47
47
47
47
47
47
47
47
47
47
47
47
47
47
44 3 -5 -1 1 0 0 1 -2 0 0 -1 1
47
47
47
47
47
47
47
47
47
47
47
47
47
47
47
47
47
47
47
47
47
47
47
45 4 -4 -2 4 -2 0 -2 3 -1 -1 1 -1
29 8 -13 3 -4 0 1 2 -4 0 1 2 -2 0 0 0 0 0 0 0 0 0 0 1 -1
19
19
19
19
19
19
19
19
19
19
19
19
19
19
19
19
19
19
19
19
19
19
19
19
19
19
19
19
19
19
19
19
19
19
19
19
19
19
19
19
26 -7 10 3 -6 0 0 -1 0 0 0 2 -2 0 0 0 0 0 -1 1
43 -6 7 -3 6 -2 0 1 -3 1 0 0 1 0 0 0 0 1 -1 0 0 0 0 1 -1
47
47
47
47
47
47
47
47
47
47
47
47
47
47
47
47
47
47
47
47
47
47
47
47
47
47
47
47
47
47
47
47
47
47
47
47
47
47
47
47
47
47
47
47
47
47
47
47
47
47
47
47
47
47
47
47
47
48
39 8 -11 -3 5 0 1 1 -2 0 0 -2 3 0 0 0 0 0 1 0 0 0 0 -1 1
22 5 -5 3 -5 2 0 -2 3 -1 0 -1 0 0 0 0 0 0 1 0 0 0 0 0 1
19
19
19
19
19
19
19
19
19
19
19
19
19
19
19
19
19
19
19
19
19
19
19
19
19
19
19
19
19
19
19
19
19
19
19
19
19
19
19
20 -2 2 1 -2 1 -1 1 -2 1 1 -1 1 -1 0 0 0 0 1 -1
35 -8 14 -1 1 0 -1 -2 6 0 0 -1 1 0 0 0 0 0 2
47 -1 1 -1 1 -1 0 1 -1 0 0 1 -1
47
47
47
47
47
47
47
47
47
47
47
47
47
47
47
47
47
47
47
47
47
47
47
47
47
47
47
47
47
47
47
