66 100 Cr
-30
-30
-30
-30
-30
-30
-30
-30
-30
-30
-30
-30
-30
-30
-30
-30
-30
-30
-30
-30
-30
-30
-30
-30
-30
-30
-30
-30
-30
-30
-30
-30
-30
-30
-30
-30
-30
-30
-30
-30
-30
-30
-30
-30
-30
-30
-30
-30
-30
-30
-30
-9 -11 -12 0 0 0 0 3 4 -1 0 0 0 0 0 0 0 0 -1
13
13
13
13
13
13
13
13
13
13
13
13
13
13
13
13
13
13
13
13
13
13
13
13
13
13
13
9 3 4 -1 -3 -1 0 1 1
-9 3 3 1 3 1 0 1 1
-12
-12
-12
-12
-12
-12
-12
-12
-12
-12
-12
-12
-12
-12
-12
-12
-12
-12
-12
-30
-30
-30
-30
-30
-30
-30
-30
-30
-30
-30
-30
-30
-30
-30
-30
-30
-30
-30
-30
-30
-30
-30
-30
-30
-30
-30
-30
-30
-30
-30
-30
-30
-30
-30
-30
-30
-30
-30
-30
-30
-30
-30
-30
-30
-30
-30
-30
-30
-30
-6 -11 -12 0 -2 0 -1 3 4 0 0 0 1 0 0 0 0 0 -1
13
13
13
13
13
13
13
13
13
13
13
13
13
13
13
13
13
13
13
13
13
13
13
13
13
13
13
8 4 4 -1 -4 -1 0 1 1
-9 3 3 1 3 1 0 1 1
-12
-12
-12
-12
-12
-12
-12
-12
-12
-12
-12
-12
-12
-12
-12
-12
-12
-12
-12
-12
-30
-30
-30
-30
-30
-30
-30
-30
-30
-30
-30
-30
-30
-30
-30
-30
-30
-30
-30
-30
-30
-30
-30
-30
-30
-30
-30
-30
-30
-30
-30
-30
-30
-30
-30
-30
-30
-30
-30
-30
-30
-30
-30
-30
-30
-30
-30
-30
-30 -1 -1 0 1 0 0 -1 -1
-4 -11 -12 0 -3 0 0 3 3 0 0 0 1 0 0 0 0 0 0 0 0 0 0 0 -1
13
13
13
13
13
13
13
13
13
13
13
13
13
13
13
13
13
13
13
13
13
13
13
13
13
13
13
8 4 5 -1 -4 -1 0 0 0 0 0 0 1
-10 2 2 1 2 1 0 1 1
-12
-12
-12
-12
-12
-12
-12
-12
-12
-12
-12
-12
-12
-12
-12
-12
-12
-12
-12
-12
-12
-30
-30
-30
-30
-30
-30
-30
-30
-30
-30
-30
-30
-30
-30
-30
-30
-30
-30
-30
-30
-30
-30
-30
-30
-30
-30
-30
-30
-30
-30
-30
-30
-30
-30
-30
-30
-30
-30
-30
-30
-30
-30
-30
-30
-30
-30
-30
-29 -1 -1 1 1 1 0 -1 -1
-2 -10 -11 -1 -4 0 0 2 3 0 0 0 1 0 0 0 0 0 0 0 0 0 0 0 -1
13
13
13
13
13
13
13
13
13
13
13
13
13
13
13
13
13
13
13
13
13
13
13
13
13
13
13
7 5 5 -1 -4 -1 0 0 0 0 0 0 1
-10 2 2 1 2 1 0 1 1
-12
-12
-12
-12
-12
-12
-12
-12
-12
-12
-12
-12
-12
-12
-12
-12
-12
-12
-12
-12
-12
-12
-30
-30
-30
-30
-30
-30
-30
-30
-30
-30
-30
-30
-30
-30
-30
-30
-30
-30
-30
-30
-30
-30
-30
-30
-30
-30
-30
-30
-30
-30
-30
-30
-30
-30
-30
-30
-30
-30
-30
-30
-30
-30
-30
-30
-30
-30
-29 -2 -2 1 2 1 0 -1 -1 0 0 0 1
0 -10 -10 -1 -6 -1 0 2 2 0 0 0 1
13
13
13
13
13
13
13
13
13
13
13
13
13
13
13
13
13
13
13
13
13
13
13
13
13
13
13
6 5 6 -1 -3 0 0 -1 -1 0 0 0 1
-11 1 1 1 1 1 0 1 1
-12
-12
-12
-12
-12
-12
-12
-12
-12
-12
-12
-12
-12
-12
-12
-12
-12
-12
-12
-12
-12
-12
-12
-30
-30
-30
-30
-30
-30
-30
-30
-30
-30
-30
-30
-30
-30
-30
-30
-30
-30
-30
-30
-30
-30
-30
-30
-30
-30
-30
-30
-30
-30
-30
-30
-30
-30
-30
-30
-30
-30
-30
-30
-30
-30
-30
-30
-30
-28 -3 -3 1 3 1 0 -2 -2 -1 0 0 1
2 -9 -10 -1 -7 -1 0 1 1 0 0 0 1
13
13
13
13
13
13
13
13
13
13
13
13
13
13
13
13
13
13
13
13
13
13
13
13
13
13
13
5 6 6 0 -3 0 0 -1 -1 0 0 0 1
-11 1 1 0 1 0 0 1 1
-12
-12
-12
-12
-12
-12
-12
-12
-12
-12
-12
-12
-12
-12
-12
-12
-12
-12
-12
-12
-12
-12
-12
-12
-30
-30
-30
-30
-30
-30
-30
-30
-30
-30
-30
-30
-30
-30
-30
-30
-30
-30
-30
-30
-30
-30
-30
-30
-30
-30
-30
-30
-30
-30
-30
-30
-30
-30
-30
-30
-30
-30
-30
-30
-30
-30
-30
-30
-27 -4 -4 2 4 2 -1 -2 -2 -1
6 -9 -10 -2 -7 -2 0 0 0 0 0 0 1
15 2
13
13
13
13
13
13
13
13
13
13
13
13
13
13
13
13
13
13
13
13
13
13
13
13
13
13
3 6 7 0 -2 0 0 -2 -2 0 0 0 1
-12 0 0 0 1
-12
-12
-12
-12
-12
-12
-12
-12
-12
-12
-12
-12
-12
-12
-12
-12
-12
-12
-12
-12
-12
-12
-12
-12
-12
-30
-30
-30
-30
-30
-30
-30
-30
-30
-30
-30
-30
-30
-30
-30
-30
-30
-30
-30
-30
-30
-30
-30
-30
-30
-30
-30
-30
-30
-30
-30
-30
-30
-30
-30
-30
-30
-30
-30
-30
-30
-30
-30
-26 -4 -5 2 5 2 0 -2 -2 -1 0 0 1
8 -8 -9 -2 -7 -2 0 -1 -1 0 0 0 1 0 0 0 0 0 1
17
15 2
13
13
13
13
13
13
13
13
13
13
13
13
13
13
13
13
13
13
13
13
13
13
13
13
13
2 6 7 0 -1 0 0 -2 -2 0 0 0 1
-12
-12
-12
-12
-12
-12
-12
-12
-12
-12
-12
-12
-12
-12
-12
-12
-12
-12
-12
-12
-12
-12
-12
-12
-12
-12
-12
-30
-30
-30
-30
-30
-30
-30
-30
-30
-30
-30
-30
-30
-30
-30
-30
-30
-30
-30
-30
-30
-30
-30
-30
-30
-30
-30
-30
-30
-30
-30
-30
-30
-30
-30
-30
-30
-30
-30
-30
-30
-30
-25 -5 -6 2 6 2 0 -2 -2
9 -7 -8 -3 -6 -2 0 -1 -2
17
17
15 2 0 0 0 -1
13
13
13
13
13
13
13
13
13
13
13
13
13
13
13
13
13
13
13
13
13
13
13
13
1 6 7 0 0 0 0 -2 -2
-12
-12
-12
-12
-12
-12
-12
-12
-12
-12
-12
-12
-12
-12
-12
-12
-12
-12
-12
-12
-12
-12
-12
-12
-12
-12
-12
-5 -5 -6 1 3 1 0 1 1 0 0 0 -1
-30
-30
-30
-30
-30
-30
-30
-30
-30
-30
-30
-30
-30
-30
-30
-30
-30
-30
-30
-30
-30
-30
-30
-30
-30
-30
-30
-30
-30
-30
-30
-30
-30
-30
-30
-30
-30
-30
-30
-30
-30
-24 -7 -7 3 6 2 0 -2 -2
11 -6 -6 -2 -6 -2 0 -2 -2
17
17
17
16 1 0 0 0 -1
13
13
13
13
13
13
13
13
13
13
13
13
13
13
13
13
13
13
13
13
13
13
13
-1 6 7 0 1 0 0 -2 -3
-12
-12
-12
-12
-12
-12
-12
-12
-12
-12
-12
-12
-12
-12
-12
-12
-12
-12
-12
-12
-12
-12
-12
-12
-12
-12
-12
-4 -6 -6 1 3 0 0 1 1 0 0 0 -1
12 -1 -1 -1 -1 0 0 -1 -1
-30
-30
-30
-30
-30
-30
-30
-30
-30
-30
-30
-30
-30
-30
-30
-30
-30
-30
-30
-30
-30
-30
-30
-30
-30
-30
-30
-30
-30
-30
-30
-30
-30
-30
-30
-30
-30
-30
-30
-30
-22 -8 -8 2 6 2 0 -1 -1 0 0 0 -1 0 0 0 0 0 1
12 -5 -5 -2 -5 -2 0 -2 -2
17
17
17
17
16 1 0 0 0 -1
13
13
13
13
13
13
13
13
13
13
13
13
13
13
13
13
13
13
13
13
13
12
-2 6 7 0 2 0 0 -2 -2
-12
-12
-12
-12
-12
-12
-12
-12
-12
-12
-12
-12
-12
-12
-12
-12
-12
-12
-12
-12
-12
-12
-12
-12
-12
-12
-12
-3 -6 -6 0 2 0 0 1 1 0 0 0 -1
12 -1 -1 0 -1 0 0 0 -1
13
-30
-30
-30
-30
-30
-30
-30
-30
-30
-30
-30
-30
-30
-30
-30
-30
-30
-30
-30
-30
-30
-30
-30
-30
-30
-30
-30
-30
-30
-30
-30
-30
-30
-30
-30
-30
-30
-30
-30
-20 -9 -9 2 7 2 0 0 0 0 0 0 -1 0 0 0 0 0 1
13 -4 -4 -2 -4 -2 0 -2 -2 -1 0 0 -1
17
17
17
17
17
17
13
13
13
13
13
13
13
13
13
13
13
13
13
13
13
13
13
13
13
13
12 1 1 0 -1 0 0 0 1
-3 6 6 0 2 0 0 -1 -2 0 0 0 -1
-12
-12
-12
-12
-12
-12
-12
-12
-12
-12
-12
-12
-12
-12
-12
-12
-12
-12
-12
-12
-12
-12
-12
-12
-12
-12
-12
-2 -6 -7 0 2 0 0 2 2 0 0 0 -1
12
13
13
-30
-30
-30
-30
-30
-30
-30
-30
-30
-30
-30
-30
-30
-30
-30
-30
-30
-30
-30
-30
-30
-30
-30
-30
-30
-30
-30
-30
-30
-30
-30
-30
-30
-30
-30
-30
-30
-30
-19 -10 -10 1 7 1 0 1 0 0 0 -1 -1
14 -3 -3 -2 -3 -2 0 -2 -2 -1 0 0 -1
17
17
17
17
17
17
17
13
13
13
13
13
13
13
13
13
13
13
13
13
13
13
13
13
13
13
12 1 1 -1 -1 0 0 1 1
-4 5 6 0 3 0 0 -1 -1 0 0 0 -1
-12
-12
-12
-12
-12
-12
-12
-12
-12
-12
-12
-12
-12
-12
-12
-12
-12
-12
-12
-12
-12
-12
-12
-12
-12
-12
-12
0 -6 -7 0 1 0 0 2 2
13
13
13
13
-30
-30
-30
-30
-30
-30
-30
-30
-30
-30
-30
-30
-30
-30
-30
-30
-30
-30
-30
-30
-30
-30
-30
-30
-30
-30
-30
-30
-30
-30
-30
-30
-30
-30
-30
-30
-30
-17 -10 -11 1 6 1 0 2 1 0 0 0 -2
15 -2 -2 -1 -2 -1 0 -1 -2 0 0 0 -1
17
17
17
17
17
17
17
17
13 1
13
13
13
13
13
13
13
13
13
13
13
13
13
13
13
13
13
12 1 1 -1 -1 -1 0 1 1
-5 5 6 1 3 0 0 -1 0 0 0 0 -1
-12
-12
-12
-12
-12
-12
-12
-12
-12
-12
-12
-12
-12
-12
-12
-12
-12
-12
-12
-12
-12
-12
-12
-12
-12
-12
-12
0 -6 -6 0 -1 0 0 2 2
12 -1
13
13
13
13
-30
-30
-30
-30
-30
-30
-30
-30
-30
-30
-30
-30
-30
-30
-30
-30
-30
-30
-30
-30
-30
-30
-30
-30
-30
-30
-30
-30
-30
-30
-30
-30
-30
-30
-30
-30
-15 -11 -12 1 5 1 0 2 2 0 0 0 -2 0 0 0 0 0 0 0 0 0 0 0 1
16 -1 -1 -1 -2 -1 0 -1 -1
17
17
17
17
17
17
17
17
17
13 1 0 0 0 1
13
13
13
13
13
13
13
13
13
13
13
13
13
13
13
13
11 2 2 -1 -2 -1 0 1 1
-6 5 5 1 4 1 0 0 0 0 0 0 -1
-12
-12
-12
-12
-12
-12
-12
-12
-12
-12
-12
-12
-12
-12
-12
-12
-12
-12
-12
-12
-12
-12
-12
-12
-12
-12
-12
0 -5 -6 0 -1 0 0 2 2
9
10
11 -1 1
13
13
13
-30
-30
-30
-30
-30
-30
-30
-30
-30
-30
-30
-30
-30
-30
-30
-30
-30
-30
-30
-30
-30
-30
-30
-30
-30
-30
-30
-30
-30
-30
-30
-30
-30
-30
-30
-12 -12 -13 0 4 0 0 3 3 0 0 0 -1 0 0 0 0 0 0 0 0 0 0 0 1
16 -1 -1 0 -1 -1 0 -1 -1
17
17
17
17
17
17
17
17
17
17
14 1 0 0 0 1
13
13
13
13
13
13
13
13
13
13
13
13
13
13
13
10 3 3 -1 -3 -1 0 1 1
-7 4 5 1 4 1 0 0 0 0 0 0 -1
-12
-12
-12
-12
-12
-12
-12
-12
-12
-12
-12
-12
-12
-12
-12
-12
-12
-12
-12
-12
-12
-12
-12
-12
-12
-12
-12
1 -5 -6 0 -2 0 0 1 1 0 0 0 1
9
9
9
9
10 0 1
12 0 0 0 1
13
-30
-30
-30
-30
-30
-30
-30
-30
-30
-30
-30
-30
-30
-30
-30
-30
-30
-30
-30
-30
-30
-30
-30
-30
-30
-30
-30
-30
-30
-30
-30
-30
-30
-30
-10 -12 -13 0 2 0 0 3 4 -1 0 0 -1 0 0 0 0 0 -1
16 0 -1 -1 -1
17
17
17
17
17
17
17
17
17
17
17
14 2 0 0 0 1
13
13
13
13
13
13
13
13
13
13
13
13
13
13
10 3 3 -1 -3 -1 0 1 1
-8 4 4 1 3 1 0 1 1
-12
-12
-12
-12
-12
-12
-12
-12
-12
-12
-12
-12
-12
-12
-12
-12
-12
-12
-12
-12
-12
-12
-12
-12
-12
-12
-11 -1 -1 0 1
2 -5 -5 0 -2 0 0 1 1 0 0 0 1
9
9
9
9
9
9
9
11 -1 1
-30
-30
-30
-30
-30
-30
-30
-30
-30
-30
-30
-30
-30
-30
-30
-30
-30
-30
-30
-30
-30
-30
-30
-30
-30
-30
-30
-30
-30
-30
-30
-30
-30
-7 -12 -13 0 1 0 0 4 5 -1 0 0 0 0 0 0 0 -1 -1
17
17
17
17
17
17
17
17
17
17
17
17
17
15 2
13
13
13
13
13
13
13
13
13
13
13
13
13
9 3 4 -1 -3 -1 0 1 1
-9 3 3 1 3 1 0 1 1
-12
-12
-12
-12
-12
-12
-12
-12
-12
-12
-12
-12
-12
-12
-12
-12
-12
-12
-12
-12
-12
-12
-12
-12
-12
-12
-11 -1 -1 1 1 1 0 -1 -1
3 -5 -5 -1 -3 0 0 1 1 0 0 0 1
9
9
9
9
9
9
9
9
9
-30
-30
-30
-30
-30
-30
-30
-30
-30
-30
-30
-30
-30
-30
-30
-30
-30
-30
-30
-30
-30
-30
-30
-30
-30
-30
-30
-30
-30
-30
-30
-30
-5 -12 -13 0 -1 0 -1 4 4 0 0 0 1 0 0 0 0 0 -1
17
17
17
17
17
17
17
17
17
17
17
17
17
17
15 2
13
13
13
13
13
13
13
13
13
13
13
13
8 4 4 -1 -4 -1 0 1 1
-9 3 3 1 3 1 0 1 1
-12
-12
-12
-12
-12
-12
-12
-12
-12
-12
-12
-12
-12
-12
-12
-12
-12
-12
-12
-12
-12
-12
-12
-12
-12
-12
-10 -1 -1 1 2 1 0 -1 -1
4 -4 -5 -1 -3 -1 0 0 0 0 0 0 1
9
9
9
9
9
9
9
9
9
9
-30
-30
-30
-30
-30
-30
-30
-30
-30
-30
-30
-30
-30
-30
-30
-30
-30
-30
-30
-30
-30
-30
-30
-30
-30
-30
-30
-30
-30
-30
-30 -1 -1 0 1
-6 -10 -10 0 -3 0 0 3 3 0 0 0 1 0 0 0 0 0 0 0 0 0 0 0 -1
14 -1 2 0 1 0 0 0 1
17
17
17
17
17
17
17
17
17
17
17
17
17
17
15 2 0 0 0 -1
13
13
13
13
13
13
13
13
13
13
13
8 4 5 -1 -4 -1 0 0 0 0 0 0 1
-10 2 2 1 2 1 0 1 1
-12
-12
-12
-12
-12
-12
-12
-12
-12
-12
-12
-12
-12
-12
-12
-12
-12
-12
-12
-12
-12
-12
-12
-12
-12
-12
-10 -2 -2 1 2 1 0 -1 -1
5 -4 -4 -1 -3 -1 0 0 0 0 0 0 1
9
9
9
9
9
9
9
9
9
9
9
-30
-30
-30
-30
-30
-30
-30
-30
-30
-30
-30
-30
-30
-30
-30
-30
-30
-30
-30
-30
-30
-30
-30
-30
-30
-30
-30
-30
-30
-29 -1 -1 0 1 1 0 -1 -1
-5 -9 -11 -1 -4 0 0 2 2 0 0 0 1
9
9
11 -1 2 1 -1
16 -1 1 0 1
17
17
17
17
17
17
17
17
17
17
17
17
16 1 0 0 0 -1
13
13
13
13
13
13
13
13
13
13
7 5 5 -1 -4 -1 0 0 0 0 0 0 1
-10 2 2 1 2 1 0 1 1
-12
-12
-12
-12
-12
-12
-12
-12
-12
-12
-12
-12
-12
-12
-12
-12
-12
-12
-12
-12
-12
-12
-12
-12
-12
-12
-10 -2 -2 1 2 1 0 -1 -1
6 -4 -4 -1 -3 -1 0 0 -1
9
9
9
9
9
9
9
9
9
9
9
9
-30
-30
-30
-30
-30
-30
-30
-30
-30
-30
-30
-30
-30
-30
-30
-30
-30
-30
-30
-30
-30
-30
-30
-30
-30
-30
-30
-30
-29 -2 -1 1 2 1 0 -1 -1
-3 -9 -10 -1 -5 -1 0 1 1 0 0 0 1
9
9
9
9
10 0 1 0 -1
14 -1 2 0 0 0 0 0 1
17
17
17
17
17
17
17
17
17
17
17
16 1 0 0 0 -1
13
13
13
13
13
13
13
13
13
6 5 6 -1 -3 0 0 -1 -1 0 0 0 1
-11 1 1 1 1 1 0 1 1
-12
-12
-12
-12
-12
-12
-12
-12
-12
-12
-12
-12
-12
-12
-12
-12
-12
-12
-12
-12
-12
-12
-12
-12
-12
-12
-9 -3 -3 1 3 1 0 -1 -1
6 -3 -3 -1 -3 -1 0 -1 -1
9
9
9
9
9
9
9
9
9
9
9
9
9
-30
-30
-30
-30
-30
-30
-30
-30
-30
-30
-30
-30
-30
-30
-30
-30
-30
-30
-30
-30
-30
-30
-30
-30
-30
-30
-30
-28 -2 -2 1 2 1 0 -2 -2
-1 -8 -9 -1 -5 -1 0 1 1 0 0 0 1
9
9
9
9
9
9
9
11 -1 2 1 -1
16 -1 1 0 1
17
17
17
17
17
17
17
17
17
17
13
13
13
13
13
13
13
13
5 6 6 0 -3 0 0 -1 -1 0 0 0 1
-11 1 1 0 1 0 0 1 1
-12
-12
-12
-12
-12
-12
-12
-12
-12
-12
-12
-12
-12
-12
-12
-12
-12
-12
-12
-12
-12
-12
-12
-12
-12
-12
-8 -3 -3 1 3 1 0 -1 -1
7 -3 -3 -1 -2 -1 0 -1 -1
9
9
9
9
9
9
9
9
9
9
9
9
9
9
-30
-30
-30
-30
-30
-30
-30
-30
-30
-30
-30
-30
-30
-30
-30
-30
-30
-30
-30
-30
-30
-30
-30
-30
-30
-30
-27 -3 -3 1 3 2 0 -2 -2
1 -8 -8 -1 -6 -1 0 0 0 0 0 0 1
9
9
9
9
9
9
9
9
9
10
14 -1 3 0 0 0 0 0 1
17
17
17
17
17
17
17
17
17
13
13
13
13
13
13
13
3 6 7 0 -2 0 0 -2 -2 0 0 0 1
-12 0 0 0 1
-12
-12
-12
-12
-12
-12
-12
-12
-12
-12
-12
-12
-12
-12
-12
-12
-12
-12
-12
-12
-12
-12
-12
-12
-12
-12
-8 -4 -4 1 3 1
8 -2 -2 -1 -2 -1 0 -1 -1
9
9
9
9
9
9
9
9
9
9
9
9
9
9
9
-30
-30
-30
-30
-30
-30
-30
-30
-30
-30
-30
-30
-30
-30
-30
-30
-30
-30
-30
-30
-30
-30
-30
-30
-30
-27 -4 -4 2 4 2 0 -2 -2 -1
2 -7 -7 -2 -6 -2 0 -1 -1 0 0 0 1
9
9
9
9
9
9
9
9
9
9
9
9
11 -1 2 1 -1
15 -1 2 -1 1
17
17
17
17
17
17
17
13 1
13
13
13
13
13
2 6 7 0 -1 0 0 -2 -2 0 0 0 1
-12
-12
-12
-12
-12
-12
-12
-12
-12
-12
-12
-12
-12
-12
-12
-12
-12
-12
-12
-12
-12
-12
-12
-12
-12
-12
-12
-7 -4 -4 1 3 1
8 -2 -2 -1 -2 -1 0 -1 -1
9
9
9
9
9
9
9
9
9
9
9
9
9
9
9
9
-30
-30
-30
-30
-30
-30
-30
-30
-30
-30
-30
-30
-30
-30
-30
-30
-30
-30
-30
-30
-30
-30
-30
-30
-26 -5 -5 2 5 2 0 -1 -2
3 -6 -6 -2 -5 -2 0 -1 -1
9
9
9
9
9
9
9
9
9
9
9
9
9
9
10
13 -1 2 0 0 0 0 0 1
17
17
17
17
17
17
13 1 0 0 0 1
13
13
13
13
1 6 7 0 0 0 0 -2 -2
-12
-12
-12
-12
-12
-12
-12
-12
-12
-12
-12
-12
-12
-12
-12
-12
-12
-12
-12
-12
-12
-12
-12
-12
-12
-12
-12
-6 -4 -5 1 3 0 0 0 1 0 0 0 -1
8 -1 -1 -1 -1 -1 0 -1 -1
9
9
9
9
9
9
9
9
9
9
9
9
9
9
9
9
9
-30
-30
-30
-30
-30
-30
-30
-30
-30
-30
-30
-30
-30
-30
-30
-30
-30
-30
-30
-30
-30
-30
-30
-24 -6 -6 2 5 2 0 -1 -1
4 -5 -5 -2 -5 -2 0 -2 -2
9
9
9
9
9
9
9
9
9
9
9
9
9
9
9
9
9
11 -1 2 1 -1
15 -1 2 -1 1
17
17
17
17
14 1 0 0 0 1
13
13
13
-1 6 7 0 1 0 0 -2 -3
-12
-12
-12
-12
-12
-12
-12
-12
-12
-12
-12
-12
-12
-12
-12
-12
-12
-12
-12
-12
-12
-12
-12
-12
-12
-12
-12
-5 -5 -5 0 3 0 0 1 1 0 0 0 -1
9 -1 -1 0 -1 -1 0 0 -1
9
9
9
9
9
9
9
9
9
9
9
9
9
9
9
9
9
9
-30
-30
-30
-30
-30
-30
-30
-30
-30
-30
-30
-30
-30
-30
-30
-30
-30
-30
-30
-30
-30
-30
-23 -7 -7 2 5 2 0 -1 -1 0 0 0 -1
5 -4 -4 -2 -4 -2 0 -2 -2
9
9
9
9
9
9
9
9
9
9
9
9
9
9
9
9
9
9
9
10
13 -1 3 0 0 0 0 0 1
17
17
17
14 2 0 0 0 1
13
12
-2 6 7 0 2 0 0 -2 -2
-12
-12
-12
-12
-12
-12
-12
-12
-12
-12
-12
-12
-12
-12
-12
-12
-12
-12
-12
-12
-12
-12
-12
-12
-12
-12
-12
0 -7 -8 0 2 0 0 2 2 0 0 0 -1
14 1 -3 -1 0 0 0 0 -1
10 1 -1 0 -1
9
9
9
9
9
9
9
9
9
9
9
9
9
9
9
9
9
9
-30
-30
-30
-30
-30
-30
-30
-30
-30
-30
-30
-30
-30
-30
-30
-30
-30
-30
-30
-30
-30
-22 -8 -8 2 6 2 0 0 0 0 0 0 -1
6 -3 -3 -2 -4 -2 0 -2 -2
9
9
9
9
9
9
9
9
9
9
9
9
9
9
9
9
9
9
9
9
9
9
11 -1 1 1 -1
15 -1 2 -1 1
17
15 2
12 1 1 0 -1 0 0 0 1
-3 6 6 0 2 0 0 -1 -2 0 0 0 -1
-12
-12
-12
-12
-12
-12
-12
-12
-12
-12
-12
-12
-12
-12
-12
-12
-12
-12
-12
-12
-12
-12
-12
-12
-12
-12
-12
2 -7 -8 0 1 0 0 2 3
17
17
16 1 -1 0 1
12 1 -2 0 -1
9
9
9
9
9
9
9
9
9
9
9
9
9
9
9
9
9
-30
-30
-30
-30
-30
-30
-30
-30
-30
-30
-30
-30
-30
-30
-30
-30
-30
-30
-30
-30
-20 -8 -9 1 6 1 0 0 0 0 0 0 -1
7 -2 -3 -2 -3 -1 0 -2 -2 0 0 0 -1
9
9
9
9
9
9
9
9
9
9
9
9
9
9
9
9
9
9
9
9
9
9
9
9
10
13 -1 3 0 0 0 0 0 1
14 2 1 -1 0 -1 0 1
-4 6 6 0 3 0 0 -1 -1 0 0 0 -1
-12
-12
-12
-12
-12
-12
-12
-12
-12
-12
-12
-12
-12
-12
-12
-12
-12
-12
-12
-12
-12
-12
-12
-12
-12
-12
-12
3 -7 -8 0 0 0 0 2 3
17
17
17
17
17
14 1 -2 0 1
10 1 -1 0 -1
9
9
9
9
9
9
9
9
9
9
9
9
9
9
9
-30
-30
-30
-30
-30
-30
-30
-30
-30
-30
-30
-30
-30
-30
-30
-30
-30
-30
-30
-19 -9 -9 1 5 1 0 1 1 0 0 0 -1
8 -2 -2 -1 -2 -1 0 -1 -1
9
9
9
9
9
9
9
9
9
9
9
9
9
9
9
9
9
9
9
9
9
9
9
9
9
9
9
-2 12 2 1 -2 -4 0 1 -1 0 0 0 0 0 1
-16 -3 5 -1 2
-12
-12
-12
-12
-12
-12
-12
-12
-12
-12
-12
-12
-12
-12
-12
-12
-12
-12
-12
-12
-12
-12
-12
-12
-12
-12
5 -7 -8 0 -2 0 0 2 2 0 0 0 1
17
17
17
17
17
17
17
16 1 -1 0 1
12 1 -2 0 -1 0 0 0 -1
9
9
9
9
9
9
9
9
9
9
9
9
9
9
-30
-30
-30
-30
-30
-30
-30
-30
-30
-30
-30
-30
-30
-30
-30
-30
-30
-30
-17 -9 -10 1 4 0 0 2 2 0 0 0 -1
8 -1 -1 -1 -1 -1 0 -1 -1
9
9
9
9
9
9
9
9
9
9
9
9
9
9
9
9
9
9
9
9
9
9
9
9
9
9
9
9
-1 12 -1 0 1 -6 1
-30
-23 -3 6 1 -1 0 0 -1 1
-13 -1 1 -1 1 -1 0 1 -1
-12
-12
-12
-12
-12
-12
-12
-12
-12
-12
-12
-12
-12
-12
-12
-12
-12
-12
-12
-12
-12
-12
-11 -1 -1 0 1
6 -7 -8 0 -2 0 0 2 2 0 0 0 1
17
17
17
17
17
17
17
17
17
17
15 1 -2 0 1
10 1 -1 0 -1
9
9
9
9
9
9
9
9
9
9
9
9
-30
-30
-30
-30
-30
-30
-30
-30
-30
-30
-30
-30
-30
-30
-30
-30
-30
-15 -10 -11 1 3 0 -1 3 3 0 0 0 -1
9 -1 -1 -1 -1 -1 0 -1 -1
9
9
9
9
9
9
9
9
9
9
9
9
9
9
9
9
9
9
9
9
9
9
9
9
9
9
9
9
9
3 8 -1 0 1 -5 2 0 0 0 0 0 0 0 -1
-30
-30
-28 -2 2 1 -2 1 0 1 -1
-17 -3 5 -1 2 0 0 0 1
-12
-12
-12
-12
-12
-12
-12
-12
-12
-12
-12
-12
-12
-12
-12
-12
-12
-12
-12
-12
-11 -1 -1 1 1 0 0 -1 -1
7 -7 -7 -1 -3 0 0 1 1 0 0 0 1
17
17
17
17
17
17
17
17
17
17
17
17
16 0 -1
13 1 -3 0 0 0 0 0 -1
10
9
9
9
9
9
9
9
9
9
9
-30
-30
-30
-30
-30
-30
-30
-30
-30
-30
-30
-30
-30
-30
-30
-30
-11 -11 -12 0 2 0 0 3 4 0 0 0 -1
12 0 0 -1
11 1 -1
9
9
9
9
9
9
9
9
9
9
9
9
9
9
9
9
9
9
9
9
9
9
9
9
9
9
9
9
9
6 4 -1 0 1 -3 1 -1 0 0 0 0 0 0 -1
-30
-30
-30
-30
-24 -3 6 1 -1 0 0 -1 1
-13 -2 2 -1 2 -1 0 1 -1
-12
-12
-12
-12
-12
-12
-12
-12
-12
-12
-12
-12
-12
-12
-12
-12
-12
-11 -1 -1 1 1 1 0 -1 -1
9 -6 -7 -1 -4 0 0 1 1 0 0 0 1
17
17
17
17
17
17
17
17
17
17
17
17
17
17
17
15 1 -2 0 1
11 1 -1 0 -1
9
9
9
9
9
9
9
9
9
-30
-30
-30
-30
-30
-30
-30
-30
-30
-30
-30
-30
-30
-30
-30
-9 -11 -12 0 0 0 0 3 4 -1 0 0 0 0 0 0 0 0 -1
13
13
13
12 1 -1
10 0 -1
9
9
9
9
9
9
9
9
9
9
9
9
9
9
9
9
9
9
9
9
9
9
9
9
9
9
9
9
-29 1 -1 0 -1 1 0 -1
-30
-30
-30
-30
-29 -2 2 1 -2 0 0 1 -1
-18 -3 6 -1 1 0 0 0 1 0 0 0 1
-12
-12
-12
-12
-12
-12
-12
-12
-12
-12
-12
-12
-12
-12
-12
-10 -2 -2 1 2 1 0 -1 -1
10 -6 -6 -1 -4 -1 0 0 0 0 0 0 1
17
17
17
17
17
17
17
17
17
17
17
17
17
17
17
17
17
16 0 -1
13 1 -3 0 0 0 0 0 -1
10
9
9
9
9
9
9
9
-30
-30
-30
-30
-30
-30
-30
-30
-30
-30
-30
-30
-30
-30
-6 -11 -12 0 -2 0 -1 3 4 0 0 0 1 0 0 0 0 0 -1
13
13
13
13
13
13
11 1 -1
9
9
9
9
9
9
9
9
9
9
9
9
9
9
9
9
9
9
9
9
9
9
9
9
9
9
9
-26 5 -1 0 -1 4 2 -1 0 0 0 0 0 0 1
-30
-30
-30
-30
-30
-30
-24 -3 5 1 -2 0 0 -1 1 0 0 0 -1
-14 -2 2 -1 2 -1 0 0 -1
-12
-12
-12
-12
-12
-12
-12
-12
-12
-12
-12
-12
-10 -2 -3 1 3 1 0 -2 -1
11 -5 -5 -1 -4 -1 0 0 0 0 0 0 1
17
17
17
17
17
17
17
17
17
17
17
17
17
17
17
17
17
17
17
17
15 1 -2 -1 1
11 1 -2 1 -1
9
9
9
9
9
9
-30
-30
-30
-30
-30
-30
-30
-30
-30
-30
-30
-30
-30 -1 -1 0 1 0 0 -1 -1
-4 -11 -12 0 -3 0 0 3 3 0 0 0 1 0 0 0 0 0 0 0 0 0 0 0 -1
13
13
13
13
13
13
13
13
12 1 -1
10 0 -1 0 -1
9
9
9
9
9
9
9
9
9
9
9
9
9
9
9
9
9
9
9
9
9
9
9
9
9
-22 10 -1 0 -1 6 2
-30
-30
-30
-30
-30
-30
-30
-29 -1 2 1 -1 1 0 0 -1
-19 -3 6 -1 1 0 0 -1 2
-12
-12
-12
-12
-12
-12
-12
-12
-12
-12
-9 -3 -3 1 3 1 0 -1 -1
12 -5 -5 -1 -4 -1 0 -1 -1
17
17
17
17
17
17
17
17
17
17
17
17
17
17
17
17
17
17
17
17
17
17
17
13 1 -3 0 0 0 0 0 -1
10
9
9
9
9
-30
-30
-30
-30
-30
-30
-30
-30
-30
-30
-30
-29 -1 -1 1 1 1 0 -1 -1
-2 -10 -11 -1 -4 0 0 2 3 0 0 0 1 0 0 0 0 0 0 0 0 0 0 0 -1
13
13
13
13
13
13
13
13
13
13
13
11 1 -1
9
9
9
9
9
9
9
9
9
9
9
9
9
9
9
9
9
9
9
9
9
9
9
9
-19 13 -1 0 -1 6 1
-30
-30
-30
-30
-30
-30
-30
-30
-30
-25 -3 5 1 -2 0 0 -1
-14 -2 3 -1 2 0 0 1 -1
-12
-12
-12
-12
-12
-12
-12
-8 -4 -4 1 4 1 0 -1 -1
13 -4 -4 -1 -4 -1 0 -1 -1
17
17
17
17
17
17
17
17
17
17
17
17
17
17
17
17
17
17
17
17
17
17
17
17
17
16 1 -1 -1 1
11 1 -2 0 -1
9
9
9
-30
-30
-30
-30
-30
-30
-30
-30
-30
-30
-29 -2 -2 1 2 1 0 -1 -1 0 0 0 1
0 -10 -10 -1 -6 -1 0 2 2 0 0 0 1
13
13
13
13
13
13
13
13
13
13
13
13
13
12 0 -1
10 1 -1
9
9
9
9
9
9
9
9
9
9
9
9
9
9
9
9
9
9
9
9
9
9
-15 15 -1 0 0 4 -1 1 0 0 0 0 0 0 -1
-30
-30
-30
-30
-30
-30
-30
-30
-30
-30
-29 -1 1 1 -1 0 0 1 -1
-20 -3 6 0 1 0 0 -1 2
-12
-12
-12
-12
-12
-7 -4 -5 2 4 1 0 -1 -1
14 -3 -4 -2 -3 -1 0 -1 -1
17
17
17
17
17
17
17
17
17
17
17
17
17
17
17
17
17
17
17
17
17
17
17
17
17
17
17
17
14 1 -3 0 0 0 0 0 -1
10
9
-30
-30
-30
-30
-30
-30
-30
-30
-30
-28 -3 -2 1 3 1 0 -2 -2 0 0 0 1
2 -9 -10 -1 -6 -1 0 1 1 0 0 1 1
13
13
13
13
13
13
13
13
13
13
13
13
13
13
13
13
11 1 -1
10
9
9
9
9
9
9
9
9
9
9
9
9
9
9
9
9
9
9
9
9
-11 17 -1 0 0 1 -2 1 0 0 0 0 0 0 0 1
-30
-30
-30
-30
-30
-30
-30
-30
-30
-30
-30
-30
-26 -3 4 1 -2
-15 -3 3 -1 2 0 0 0 -1
-12
-12
-6 -5 -5 1 4 1 0 0 0 0 0 0 -1
14 -3 -3 -1 -3 -1 0 -1 -1
17
17
17
17
17
17
17
17
17
17
17
17
17
17
17
17
17
17
17
17
17
17
17
17
17
17
17
17
17
17
16 1 -1 -1 1
11 1 -2 0 -1
-30
-30
-30
-30
-30
-30
-30
-30
-27 -4 -4 2 4 2 0 -2 -2
3 -8 -9 -2 -6 -1 0 0 0 0 0 0 1
13
13
13
13
13
13
13
13
13
13
13
13
13
13
13
13
13
13
12
10 1 -1
9
9
9
9
9
9
9
9
9
9
9
9
9
9
9
9
9
9
9
-8 16 -1 0 0 -2 -2 1
-30
-30
-30
-30
-30
-30
-30
-30
-30
-30
-30
-30
-30
-29 -1 1 1 -1 0 0 0 -1
-21 -3 6 0 0 0 0 -1 2
-6 -6 -5 1 5 1 0 0 0 0 0 0 -1
15 -2 -2 -1 -2 -1 0 -1 -1
17
17
17
17
17
17
17
17
17
17
17
17
17
17
17
17
17
17
17
17
17
17
17
17
17
17
17
17
17
17
17
17
17
-30
-30
-30
-30
-30
-30
-30
-26 -4 -5 2 5 2 0 -2 -2 -1
5 -7 -8 -2 -6 -2 0 -1 -1 0 0 0 1
13
13
13
13
13
13
13
13
13
13
13
13
13
13
13
13
13
13
13
13
13
11 1 -1
10
9
9
9
9
9
9
9
9
9
9
9
9
9
9
9
9
9
-4 15 -1 0 1 -5 0 1 0 0 0 0 0 0 1
-30
-30
-30
-30
-30
-30
-30
-30
-30
-30
-30
-30
-30
-30
-20 -9 -9 1 5 1 0 1 1 0 0 0 -1
9 -3 -1 0 -3 -1 0 -2 -2 0 0 0 -1
15 -1 2 -1 1
17
17
17
17
17
17
17
17
17
17
17
17
17
17
17
17
17
17
17
17
17
17
17
17
17
17
17
17
17
17
17
17
17
-30
-30
-30
-30
-30
-30
-25 -5 -6 2 5 2 0 -2 -2
6 -6 -7 -2 -6 -2 0 -1 -1
13
13
13
13
13
13
13
13
13
13
13
13
13
13
13
13
13
13
13
13
13
13
13
12
10 1 -1
9
9
9
9
9
9
9
9
9
9
9
9
9
9
9
9
0 12 -1 0 1 -6 2
-30
-30
-30
-30
-30
-30
-30
-30
-30
-30
-30
-30
-30
-18 -9 -10 1 5 0 0 1 2 0 0 0 -1
8 -1 -1 -1 -2 -1 0 -1 -1
9
10
13 -1 3 0 0 0 0 0 1
17
17
17
17
17
17
17
17
17
17
17
17
17
17
17
17
17
17
17
17
17
17
17
17
17
17
17
17
17
17
17
17
-30
-30
-30
-30
-30
-24 -6 -7 3 6 2 0 -1 -2
8 -6 -6 -2 -6 -2 0 -2 -2
13
13
13
13
13
13
13
13
13
13
13
13
13
13
13
13
13
13
13
13
13
13
13
13
13
13
12 1 -1
10
9
9
9
9
9
9
9
9
9
9
9
9
9
9
3 8 -1 0 1 -5 2 0 0 0 0 0 0 0 -1
-30
-30
-30
-30
-30
-30
-30
-30
-30
-30
-30
-30
-16 -10 -11 1 4 0 0 3 3 0 0 0 -1 0 0 0 0 0 0 0 0 0 0 0 1
9 -1 -1 0 -1 0 0 -1 -1
9
9
9
9
11 -1 1 1 -1
15 -1 2 -1 1
17
17
17
17
17
17
17
17
17
17
17
17
17
17
17
17
17
17
17
17
17
17
17
17
17
17
17
17
17
17
-30
-30
-30
-30
-22 -7 -8 2 6 2 0 -1 -1 0 0 0 -1 0 0 0 0 0 1
9 -5 -5 -2 -5 -2 0 -2 -2
13
13
13
13
13
13
13
13
13
13
13
13
13
13
13
13
13
13
13
13
13
13
13
13
13
13
13
13
12
11 1 -1
9
9
9
9
9
9
9
9
9
9
9
9
9
7 3 -1 0 1 -2 1 -1
-30
-30
-30
-30
-30
-30
-30
-30
-30
-30
-30
-14 -10 -11 0 2 0 0 3 3 0 0 0 -1
9 0 -1
9
9
9
9
9
9
9
13 -1 3 0 0 0 0 0 1
16 -1 0 0 1
17
17
17
17
17
17
17
17
17
17
17
17
17
17
17
17
17
17
17
17
17
17
17
17
17
17
17
17
-30
-30
-30
-21 -8 -9 2 6 2 0 0 -1 0 0 0 -1
10 -4 -4 -2 -4 -2 0 -2 -2 0 0 0 -1
13
13
13
13
13
13
13
13
13
13
13
13
13
13
13
13
13
13
13
13
13
13
13
13
13
13
13
13
13
13
13
12 0 -1
10 0 0 0 -1
9
9
9
9
9
9
9
9
9
9
9
9
-29 2 -1 0 -1 1 0 -1
-30
-30
-30
-30
-30
-30
-30
-30
-30
-12 -10 -11 0 1 0 0 3 3 0 0 0 0 0 0 0 0 0 -1
9
9
9
9
9
9
9
9
9
9
10 -1 1 1 -1
15 -1 2 0 1
17
17
17
17
17
17
17
17
17
17
17
17
17
17
17
17
17
17
17
17
17
17
17
17
17
17
17
-30
-30
-19 -9 -10 1 6 1 0 0 0 0 0 0 -1
10 -2 -3 -2 -3 -2 0 -2 -2 0 0 0 -1
13
13
13
13
13
13
13
13
13
13
13
13
13
13
13
13
13
13
13
13
13
13
13
13
13
13
13
13
13
13
13
13
13
13
11 1 -1
9
9
9
9
9
9
9
9
9
9
9
-26 6 -1 0 -1 4 2 -1 0 0 0 0 0 0 1
-30
-30
-30
-30
-30
-30
-30
-30
-10 -10 -11 0 -1 0 0 3 4 -1 0 0 0 0 0 0 0 0 -1
9
9
9
9
9
9
9
9
9
9
9
9
10
12 -1 2 0 -1 0 0 0 1
16 -1 1 0 1
17
17
17
17
17
17
17
17
17
17
17
17
17
17
17
17
17
17
17
17
17
17
17
17
17
-30
-18 -10 -10 1 6 1 0 2 1 0 0 0 -2
11 -2 -2 -1 -2 -1 0 -1 -1 -1 0 0 -1
13
13
13
13
13
13
13
13
13
13
13
13
13
13
13
13
13
13
13
13
13
13
13
13
13
13
13
13
13
13
13
13
13
13
13
13
12 1 -1
10 0 -1
9
9
9
9
9
9
9
9
9
-22 10 -1 0 -1 6 2
-30
-30
-30
-30
-30
-30
-30 0 -1
-7 -10 -11 0 -2 0 0 3 3 0 0 0 1
9
9
9
9
9
9
9
9
9
9
9
9
9
9
9
10 -1 1 1 -1
14 -1 2 0 1
17
17
17
17
17
17
17
17
17
17
17
17
17
17
17
17
17
17
17
17
17
17
17
17
-16 -10 -11 1 5 0 0 2 2 0 0 0 -1
12 -1 -1 -1 -1 -1 0 -1 -1
13
13
13
13
13
13
13
13
13
13
13
13
13
13
13
13
13
13
13
13
13
13
13
13
13
13
13
13
13
13
13
13
13
13
13
13
13
13
12
11 1 -1
9
9
9
9
9
9
9
9
-18 14 -1 0 -1 6 1
-30
-30
-30
-30
-30
-29 -1 -1 0 1 1 0 -1 -1
-6 -10 -11 -1 -3 0 0 3 3 0 0 0 1 0 0 0 0 0 0 0 0 0 0 0 -1
9
9
9
9
9
9
9
9
9
9
9
9
9
9
9
9
9
9
12 -1 2 0 -1 0 0 0 1
16 -1 1 0 1
17
17
17
17
17
17
17
17
17
17
17
17
17
17
17
17
17
17
17
17
17
17
9 -1 0 0 -1 0 0 -1 -1
11 -1 1
13
13
13
13
13
13
13
13
13
13
13
13
13
13
13
13
13
13
13
13
13
13
13
13
13
13
13
13
13
13
13
13
13
13
13
13
13
13
13
13
12 1 -1
10 0 -1
9
9
9
9
9
9
-15 16 -1 0 0 4 -1 1 0 0 0 0 0 0 -1
-30
-30
-30
-30
-29 -1 -1 1 2 1 0 -1 -1
-3 -9 -10 -1 -4 -1 0 2 2 0 0 0 1 0 0 0 0 0 0 0 0 0 0 0 -1
9
9
9
9
9
9
9
9
9
9
9
9
9
9
9
9
9
9
9
9
10 -1 1 1 -1
14 -1 2 0 1 0 0 0 1
17
17
17
17
17
17
17
17
17
17
17
17
17
17
17
17
17
17
17
17
17
9
9
10 0 1
12 0 0 0 1
13
13
13
13
13
13
13
13
13
13
13
13
13
13
13
13
13
13
13
13
13
13
13
13
13
13
13
13
13
13
13
13
13
13
13
13
13
13
13
13
11 1 -1
9
9
9
9
9
-11 17 -1 0 0 1 -2 1
-30
-30
-30
-28 -2 -2 1 2 1 0 -2 -1 0 0 0 1
-2 -9 -9 -1 -5 -1 0 1 1 0 0 0 1
9
9
9
9
9
9
9
9
9
9
9
9
9
9
9
9
9
9
9
9
9
9
9
12 -1 2 1 -1
16 -1 1 0 1
17
17
17
17
17
17
17
17
17
17
17
17
17
17
17
17
17
17
17
9
9
9
9
11 -1 1
13
13
13
13
13
13
13
13
13
13
13
13
13
13
13
13
13
13
13
13
13
13
13
13
13
13
13
13
13
13
13
13
13
13
13
13
13
13
13
13
12 0 -1
10 0 -1 0 -1
9
9
9
-7 16 -1 0 0 -3 -1 1 0 0 0 0 0 0 1
-30
-30
-28 -3 -3 1 3 1 0 -2 -2 0 0 0 1
0 -8 -8 -1 -6 -1 0 0 0 0 0 0 1
9
9
9
9
9
9
9
9
9
9
9
9
9
9
9
9
9
9
9
9
9
9
9
9
9
10 -1 1 1 -1
14 -1 2 0 1 0 0 0 1
17
17
17
17
17
17
17
17
17
17
17
17
17
17
17
17
17
17
9
9
9
9
9
10 0 1
12 0 1
13
13
13
13
13
13
13
13
13
13
13
13
13
13
13
13
13
13
13
13
13
13
13
13
13
13
13
13
13
13
13
13
13
13
13
13
13
13
13
13
11 1 -1
10
9
-4 14 -1 0 1 -5 0 1 0 0 0 0 0 0 1
-30
-27 -4 -4 2 4 2 0 -2 -2
1 -7 -8 -2 -6 -2 0 0 -1 0 0 0 1
9
9
9
9
9
9
9
9
9
9
9
9
9
9
9
9
9
9
9
9
9
9
9
9
9
9
9
9
11 -1 2 1 -1
16 -1 1 0 1
17
17
17
17
17
17
17
17
17
17
17
17
17
17
17
17
9
9
9
9
9
9
10
11 -1 1
13
13
13
13
13
13
13
13
13
13
13
13
13
13
13
13
13
13
13
13
13
13
13
13
13
13
13
13
13
13
13
13
13
13
13
13
13
13
13
13
12 0 -1
10 1 -1
0 11 -1 0 1 -6 1
-26 -4 -5 2 4 2 0 -2 -2
3 -6 -7 -2 -5 -2 0 -1 -1
9
9
9
9
9
9
9
9
9
9
9
9
9
9
9
9
9
9
9
9
9
9
9
9
9
9
9
9
9
9
10 0 1 0 -1
14 -1 3 0 0 0 0 0 1
17
17
17
17
17
17
17
17
17
17
17
17
17
17
17
9
9
9
9
9
9
9
9
10 0 1
12 0 1 0 1
13
13
13
13
13
13
13
13
13
13
13
13
13
13
13
13
13
13
13
13
13
13
13
13
13
13
13
13
13
13
13
13
13
13
13
13
13
13
13
13
7 5 -4 0 3 -3 1 -2 -1 0 0 0 0 1
4 -5 -6 -2 -5 -2 0 -1 -1
9
9
9
9
9
9
9
9
9
9
9
9
9
9
9
9
9
9
9
9
9
9
9
9
9
9
9
9
9
9
9
9
9
11 -1 2 0 -1
16 -1 1 0 1
17
17
17
17
17
17
17
17
17
17
17
17
17
9
9
9
9
9
9
9
9
9
10
11 -1 1
13
13
13
13
13
13
13
13
13
13
13
13
13
13
13
13
13
13
13
13
13
13
13
13
13
13
13
13
13
13
13
13
13
13
13
13
13
13
13
13
12 0 -1
10 1 -1
9
9
9
9
9
9
9
9
9
9
9
9
9
9
9
9
9
9
9
9
9
9
9
9
9
9
9
9
9
9
9
9
9
10
13 -1 3 0 0 0 0 0 1
17
17
17
17
17
17
17
17
17
17
17
17
9
9
9
9
9
9
9
9
9
9
9
10 0 1
12 0 1 0 1
13
13
13
13
13
13
13
13
13
13
13
13
13
13
13
13
13
13
13
13
13
13
13
13
13
13
13
13
13
13
13
13
13
13
13
13
13
13
13
13
11 1 -1
10
9
9
9
9
9
9
9
9
9
9
9
9
9
9
9
9
9
9
9
9
9
9
9
9
9
9
9
9
9
9
9
9
9
11 -1 2 1 -1
15 -1 2 -1 1
17
17
17
17
17
17
17
17
17
17
9
9
9
9
9
9
9
9
9
9
9
9
9
11 -1 1
13
13
13
13
13
13
13
13
13
13
13
13
13
13
13
13
13
13
13
13
13
13
13
13
13
13
13
13
13
13
13
13
13
13
13
13
13
13
13
13
12
10 1 -1
9
9
9
9
9
9
9
9
9
9
9
9
9
9
9
9
9
9
9
9
9
9
9
9
9
9
9
9
9
9
9
9
9
10
13 -1 3 0 0 0 0 0 1
17
17
17
17
17
17
17
17
17
9
9
9
9
9
9
9
9
9
9
9
9
9
9
10 0 1
12 -1 1
13
13
13
13
13
13
13
13
13
13
13
13
13
13
13
13
13
13
13
13
13
13
13
13
13
13
13
13
13
13
13
13
13
13
13
13
13
13
13
13
12 1 -1
10
9
9
9
9
9
9
9
9
9
9
9
9
9
9
9
9
9
9
9
9
9
9
9
9
9
9
9
9
9
9
9
9
9
11 -1 2 1 -1
15 -1 2 -1 1
17
17
17
17
17
17
17
9
9
9
9
9
9
9
9
9
9
9
9
9
9
9
9
11 -1 1
13
13
13
13
13
13
13
13
13
13
13
13
13
13
13
13
13
13
13
13
13
13
13
13
13
13
13
13
13
13
13
13
13
13
13
13
13
13
13
13
12
10 1 -1
9
9
9
9
9
9
9
9
9
9
9
9
9
9
9
9
9
9
9
9
9
9
9
9
9
9
9
9
9
9
9
9
9
10
13 -1 3 0 0 0 0 0 1
17
17
17
17
17
17
9
9
9
9
9
9
9
9
9
9
9
9
9
9
9
9
9
10
12 -1 1
13
13
13
13
13
13
13
13
13
13
13
13
13
13
13
13
13
13
13
13
13
13
13
13
13
13
13
13
13
13
13
13
13
13
13
13
13
13
13
13
12 1 -1
10
9
9
9
9
9
9
9
9
9
9
9
9
9
9
9
9
9
9
9
9
9
9
9
9
9
9
9
9
9
9
9
9
9
11 -1 1 1 -1
15 -1 2 -1 1
17
17
17
17
9
9
9
9
9
9
9
9
9
9
9
9
9
9
9
9
9
9
9
11 -1 1
12
13
13
13
13
13
13
13
13
13
13
13
13
13
13
13
13
13
13
13
13
13
13
13
13
13
13
13
13
13
13
13
13
13
13
13
13
13
13
13
12
11 1 -1
9
9
9
9
9
9
9
9
9
9
9
9
9
9
9
9
9
9
9
9
9
9
9
9
9
9
9
9
9
9
9
9
9
10
13 -1 3 0 0 0 0 0 1
16 0 1
17
17
9
9
9
9
9
9
9
9
9
9
9
9
9
9
9
9
9
9
9
9
10
12 -1 1
13
13
13
13
13
13
13
13
13
13
13
13
13
13
13
13
13
13
13
13
13
13
13
13
13
13
13
13
13
13
13
13
13
13
13
13
13
13
13
13
12 0 -1
10 0 0 0 -1
9
9
9
9
9
9
9
9
9
9
9
9
9
9
9
9
9
9
9
9
9
9
9
9
9
9
9
9
9
9
9
9
9
10 -1 1 1 -1
15 -1 2 0 1
17
9
9
9
9
9
9
9
9
9
9
9
9
9
9
9
9
9
9
9
9
9
9
10 0 1
12
13
13
13
13
13
13
13
13
13
13
13
13
13
13
13
13
13
13
13
13
13
13
13
13
13
13
13
13
13
13
13
13
13
13
13
13
13
13
13
13
11 1 -1
9
9
9
9
9
9
9
9
9
9
9
9
9
9
9
9
9
9
9
9
9
9
9
9
9
9
9
9
9
9
9
9
9
10
12 -1 2 0 -1 0 0 0 1
9
9
9
9
9
9
9
9
9
9
9
9
9
9
9
9
9
9
9
9
9
9
9
10
11 -1 1
13
13
13
13
13
13
13
13
13
13
13
13
13
13
13
13
13
13
13
13
13
13
13
13
13
13
13
13
13
13
13
13
13
13
13
13
13
13
13
13
12 0 -1
10 0 -1
9
9
9
9
9
9
9
9
9
9
9
9
9
9
9
9
9
9
9
9
9
9
9
9
9
9
9
9
9
9
9
9
9
9
9
9
9
9
9
9
9
9
9
9
9
9
9
9
9
9
9
9
9
9
9
9
9
9
10 -1 1
12
13
13
13
13
13
13
13
13
13
13
13
13
13
13
13
13
13
13
13
13
13
13
13
13
13
13
13
13
13
13
13
13
13
13
13
13
13
13
13
13
11 1 -1
9
9
9
9
9
9
9
9
9
9
9
9
9
9
9
9
9
9
9
9
9
9
9
9
9
9
9
9
9
9
9
9
