66 100 Cb
8
8
8
8
8
8
8
8
8
8
8
8
8
8
8
8
8
8
8
8
8
8
8
8
8
8
8
8
8
8
8
8
8
8
8
8
8
8
8
8
8
8
8
8
8
8
8
8
8
8
8
7 0 1
7
7
7
7
7
7
7
7
7
7
7
7
7
7
7
7
7
7
7
7
7
7
7
7
7
7
7
7
9
9
9
9
9
9
9
9
9
9
9
9
9
9
9
9
9
9
9
9
8
8
8
8
8
8
8
8
8
8
8
8
8
8
8
8
8
8
8
8
8
8
8
8
8
8
8
8
8
8
8
8
8
8
8
8
8
8
8
8
8
8
8
8
8
8
8
8
8
8
7 1 1
7
7
7
7
7
7
7
7
7
7
7
7
7
7
7
7
7
7
7
7
7
7
7
7
7
7
7
7
9
9
9
9
9
9
9
9
9
9
9
9
9
9
9
9
9
9
9
9
9
8
8
8
8
8
8
8
8
8
8
8
8
8
8
8
8
8
8
8
8
8
8
8
8
8
8
8
8
8
8
8
8
8
8
8
8
8
8
8
8
8
8
8
8
8
8
8
8
8
7
7
7
7
7
7
7
7
7
7
7
7
7
7
7
7
7
7
7
7
7
7
7
7
7
7
7
7
7 0 -1
9
9
9
9
9
9
9
9
9
9
9
9
9
9
9
9
9
9
9
9
9
9
8
8
8
8
8
8
8
8
8
8
8
8
8
8
8
8
8
8
8
8
8
8
8
8
8
8
8
8
8
8
8
8
8
8
8
8
8
8
8
8
8
8
8
8
8
8
8
8
7
7
7
7
7
7
7
7
7
7
7
7
7
7
7
7
7
7
7
7
7
7
7
7
7
7
7
7
7 -1 -1
9
9
9
9
9
9
9
9
9
9
9
9
9
9
9
9
9
9
9
9
9
9
9
8
8
8
8
8
8
8
8
8
8
8
8
8
8
8
8
8
8
8
8
8
8
8
8
8
8
8
8
8
8
8
8
8
8
8
8
8
8
8
8
8
8
8
8
8
9
8
7
7
7
7
7
7
7
7
7
7
7
7
7
7
7
7
7
7
7
7
7
7
7
7
7
7
7
7
7 -1 -1
9
9
9
9
9
9
9
9
9
9
9
9
9
9
9
9
9
9
9
9
9
9
9
9
8
8
8
8
8
8
8
8
8
8
8
8
8
8
8
8
8
8
8
8
8
8
8
8
8
8
8
8
8
8
8
8
8
8
8
8
8
8
8
8
8
8
8
8
9
6 3 3 -2 -3 -2 1 2 2 1 0 -1 -1 -1
-4 -10 10 -1 9 -1 2 2 -1 -1 0 0 -1 -1 1
7
7
7
7
7
7
7
7
7
7
7
7
7
7
7
7
7
7
7
7
7
7
7
7
7
7
7
8 -1 -1
9
9
9
9
9
9
9
9
9
9
9
9
9
9
9
9
9
9
9
9
9
9
9
9
9
8
8
8
8
8
8
8
8
8
8
8
8
8
8
8
8
8
8
8
8
8
8
8
8
8
8
8
8
8
8
8
8
8
8
8
8
8
8
8
8
8
8
8
8
5 4 4 -3 -5 -2 1 3 3 1 0 -1 -1 -1
-38 13 13 2 9 2 0 -1 -1 0 0 -1 -2 0 0 0 0 0 -1 0 0 0 0 0 0 0 0 0 0 0 0 0 1
-21 -25 2 0 0 -2 3 -2 0 0 0 0 0 0 0 -1
7
7
7
7
7
7
7
7
7
7
7
7
7
7
7
7
7
7
7
7
7
7
7
7
7
7
8 -1 -1
9
9
9
9
9
9
9
9
9
9
9
9
9
9
9
9
9
9
9
9
9
9
9
9
9
9
8
8
8
8
8
8
8
8
8
8
8
8
8
8
8
8
8
8
8
8
8
8
8
8
8
8
8
8
8
8
8
8
8
8
8
8
8
8
8
8
8
8
8
4 6 6 -3 -6 -3 0 3 3 1 0 -1 -1
-41 11 12 3 9 2 0 1 1 0 0 -1 -1 0 0 0 0 -1 -1
-54
-27 -25 1 0 0 3 3 -1 0 0 0 0 0 0 -1
7
7
7
7
7
7
7
7
7
7
7
7
7
7
7
7
7
7
7
7
7
7
7
7
7
8 -1 -1
9
9
9
9
9
9
9
9
9
9
9
9
9
9
9
9
9
9
9
9
9
9
9
9
9
9
9
8
8
8
8
8
8
8
8
8
8
8
8
8
8
8
8
8
8
8
8
8
8
8
8
8
8
8
8
8
8
8
8
8
8
8
8
8
8
8
8
8
8
2 7 7 -3 -7 -3 0 3 3 1
-43 10 10 3 9 2 0 1 2 0 0 0 -1 0 0 0 0 -1 -1
-54
-54
-32 -23 1 0 -1 7 1 -1 0 0 0 0 0 0 -1 0 0 0 0 0 0 0 0 0 0 0 0 0 -1
7
7
7
7
7
7
7
7
7
7
7
7
7
7
7
7
7
7
7
7
7
7
7
7
8 -1 -1
9
9
9
9
9
9
9
9
9
9
9
9
9
9
9
9
9
9
9
9
9
9
9
9
9
9
9
8 1 1
8
8
8
8
8
8
8
8
8
8
8
8
8
8
8
8
8
8
8
8
8
8
8
8
8
8
8
8
8
8
8
8
8
8
8
8
8
8
8
8
9
1 8 9 -3 -8 -3 0 3 3
-45 9 9 3 8 3 0 2 3
-54
-54
-54
-38 -19 2 0 -1 9 -2 0 0 0 0 0 0 1 0 1 0 0 0 0 0 0 0 0 0 0 0 -1
7
7
7
7
7
7
7
7
7
7
7
7
7
7
7
7
7
7
7
7
7
7
7
8 -1 -1
9
9
9
9
9
9
9
9
9
9
9
9
9
9
9
9
9
9
9
9
9
9
9
9
9
9
9
8 1 1
7
8
8
8
8
8
8
8
8
8
8
8
8
8
8
8
8
8
8
8
8
8
8
8
8
8
8
8
8
8
8
8
8
8
8
8
8
8
8
8
8
-2 10 10 -3 -9 -3 0 2 2 0 0 0 1 0 0 0 0 -1 -1
-47 7 7 3 7 3 0 3 3 1
-54
-54
-54
-54
-43 -13 2 0 -2 8 -3 1 0 0 0 0 0 0 1
7
7
7
7
7
7
7
7
7
7
7
7
7
7
7
7
7
7
7
7
7
7
8 -1 -1
9
9
9
9
9
9
9
9
9
9
9
9
9
9
9
9
9
9
9
9
9
9
9
9
9
9
9
8 1 1
7
7
8
8
8
8
8
8
8
8
8
8
8
8
8
8
8
8
8
8
8
8
8
8
8
8
8
8
8
8
8
8
8
8
8
8
8
8
8
8
8
-4 11 12 -3 -9 -2 0 1 1 0 0 1 1 0 0 0 0 -1 -1
-48 6 6 3 6 3 1 3 3 1 0 0 1
-54
-54
-54
-54
-54
-49 -6 1 0 -1 4 -2 1 0 0 0 0 0 0 1 -1
7
7
7
7
7
7
7
7
7
7
7
7
7
7
7
7
7
7
7
7
7
8 -1 -1
9
9
9
9
9
9
9
9
9
9
9
9
9
9
9
9
9
9
9
9
9
9
9
9
9
9
9
8 1 1
7
7
7
8
8
8
8
8
8
8
8
8
8
8
8
8
8
8
8
8
8
8
8
8
8
8
8
8
8
8
8
8
8
8
8
8
8
8
8
8
9
-6 13 13 -2 -9 -2 0 0 0 0 0 1 2 0 0 0 0 -1 -1
-49 4 4 2 5 2 1 3 3 1 0 1 1
-54
-54
-54
-54
-54
-54
-53
5 -2 1 0 1 -1 0 1
7
7
7
7
7
7
7
7
7
7
7
7
7
7
7
7
7
7
7
9 -1 -1
9
9
9
9
9
9
9
9
9
9
9
9
9
9
9
9
9
9
9
9
9
9
9
9
9
9
9
8 1 1
7
7
7
7
8
8
8
8
8
8
8
8
8
8
8
8
8
8
8
8
8
8
8
8
8
8
8
8
8
8
8
8
8
8
8
8
8
8
8
8
8
-8 14 14 -2 -8 -1 0 -2 -1 0 0 1 2
-51 3 3 2 3 2 1 2 2 1 0 1 1 1
-54
-54
-54
-54
-54
-54
-54
-54
0 -8 2 0 2 -6 -2 1 0 0 0 0 0 0 -1 -1
7
7
7
7
7
7
7
7
7
7
7
7
7
7
7
7
7
7
9 -1 -1
9
9
9
9
9
9
9
9
9
9
9
9
9
9
9
9
9
9
9
9
9
9
9
9
9
9
9
5 1 4 -1 0 1
6 -1 1 0 1
7
7
7
7
8
8
8
8
8
8
8
8
8
8
8
8
8
8
8
8
8
8
8
8
8
8
8
8
8
8
8
8
8
8
8
8
8
8
8
8
-11 14 16 -1 -7 -1 0 -3 -3 0 0 0 2 0 0 0 0 0 0 0 0 0 0 0 -1
-52 2 2 1 2 1 0 2 2 1 0 0 1
-54
-54
-54
-54
-54
-54
-54
-54
-54
-5 -14 2 0 1 -9 -3 1 0 0 0 0 0 0 -1
7
7
7
7
7
7
7
7
7
7
7
7
7
7
7
7
7
9 -1 -1
9
9
9
9
9
9
9
9
9
9
9
9
9
9
9
9
9
9
9
9
9
9
9
9
9
9
9
3 3 3 0 0 0 0 -1 -1
-1
-1 -1 1 1 -1
4 -1 3 0 1 0 0 0 1
7
7
7
8
8
8
8
8
8
8
8
8
8
8
8
8
8
8
8
8
8
8
8
8
8
8
8
8
8
8
8
8
8
8
8
8
8
8
-14 15 16 -1 -6 -1 1 -4 -4 0 0 0 2 0 0 0 0 0 0 0 0 0 0 0 -1 0 0 0 0 0 0 0 0 0 0 0 0 0 0 1
-52 1 1 1 2 1 0 1 1
-54
-54
-54
-54
-54
-54
-54
-54
-54
-54
-11 -20 1 0 1 -9 -1 -1 0 0 0 0 0 0 0 1
7
7
7
7
7
7
7
7
7
7
7
7
7
7
7
7
9 0 -1
9
9
9
9
9
9
9
9
9
9
9
9
9
9
9
9
9
9
9
9
9
9
9
9
9
9
9
3 3 3 0 1 0 0 -1 -1
-1
-1
-1
-1
1 -1 2 1 -1
6 -1 1 0 1 0 0 0 -1
7
8
8
8
8
8
8
8
8
8
8
8
8
8
8
8
8
8
8
8
8
8
8
8
8
8
8
8
8
8
8
8
8
8
9
-17 15 17 -1 -4 0 1 -4 -5 1 0 0 1 0 0 0 0 1 1 0 0 0 0 0 -1
-53 1 1 0 1 0 0 1 1
-54
-54
-54
-54
-54
-54
-54
-54
-54
-54
-54
-17 -24 1 0 1 -6 1 -1 0 0 0 0 0 0 1 0 0 0 0 0 0 0 0 0 0 0 0 0 -1
7
7
7
7
7
7
7
7
7
7
7
7
7
7
7
9 0 -1
9
9
9
9
9
9
9
9
9
9
9
9
9
9
9
9
9
9
9
9
9
9
9
9
9
9
9
2 2 3 0 1 0 0 0 -1
-1
-1
-1
-1
-1
-1
-1 -1 1 1 -1
3 -1 3 0 0 0 0 0 1
8
8
8
8
8
8
8
8
8
8
8
8
8
8
8
8
8
8
8
8
8
8
8
8
8
8
8
8
8
8
8
8
8
-21 16 17 0 -1 0 0 -5 -6 1 0 0 0 0 0 0 0 1 1 0 0 0 0 0 0 0 0 0 0 0 0 0 -1
-53
-54
-54
-54
-54
-54
-54
-54
-54
-54
-54
-54
-54
-22 -25 2 0 0 -2 3 -2 0 0 0 0 0 0 0 -1
7
7
7
7
7
7
7
7
7
7
7
7
7
7
9
9
9
9
9
9
9
9
9
9
9
9
9
9
9
9
9
9
9
9
9
9
9
9
9
9
9
9 1 0 0 -1
2 2 3 0 1
-1
-1
-1
-1
-1
-1
-1
-1
-1
8
8
8
8
8
8
8
8
8
8
8
8
8
8
8
8
8
8
8
8
8
8
8
8
8
8
8
8
8
8
8
8
-24 16 17 0 1 0 1 -5 -5 1 0 0 0 0 0 0 0 1 1 0 0 0 0 0 0 0 0 0 0 0 0 0 -1
-53
-54
-54
-54
-54
-54
-54
-54
-54
-54
-54
-54
-54
-54
-27 -25 1 0 0 4 2 -1 0 0 0 0 0 0 -1
7
7
7
7
7
7
7
7
7
7
7
7
7
9
9
9
9
9
9
9
9
9
9
9
9
9
9
9
9
9
9
9
9
9
9
9
9
9
9
9
9 1 1 0 -1 -1
1 2 2 0 2
-1
-1
-1
-1
-1
-1
-1
-1
-1
-1
8
8
8
8
8
8
8
8
8
8
8
8
8
8
8
8
8
8
8
8
8
8
8
8
8
8
8
8
8
8
8
0 5 0 -1 4 -2 1 -3 1 0 0 0 -1 1
-35 9 -17 3 -4 0 0 2 -4 0 0 1 -1 0 0 0 0 0 0 0 0 0 0 1
-54
-54
-54
-54
-54
-54
-54
-54
-54
-54
-54
-54
-54
-54
-33 -22 1 0 -1 8 0 0 0 0 0 0 0 0 -1
7
7
7
7
7
7
7
7
7
7
7
7 0 -1
9
9
9
9
9
9
9
9
9
9
9
9
9
9
9
9
9
9
9
9
9
9
9
9
9
9
9
9 1 1 0 -1 -1 0 1
1 2 2 0 2 1
-1
-1
-1
-1
-1
-1
-1
-1
-1
-1
-1
8
8
8
8
8
8
8
8
8
8
8
8
8
8
8
8
8
8
8
8
8
8
8
8
8
8
8
8
8
8
2 2 3 0 1 0 0 -1 -1
-1
-1
-17 9 -15 -3 6 0 0 2 -2 0 0 -1 1
-48 5 -7 4 -6 1 0 -1 3 -1
-54
-54
-54
-54
-54
-54
-54
-54
-54
-54
-54
-54
-39 -18 2 0 -1 9 -2 0 0 0 0 0 0 0 0 1 0 0 0 0 0 0 0 0 0 0 0 -1
7
7
7
7
7
7
7
7
7
7
7 -1 -1
9
9
9
9
9
9
9
9
9
9
9
9
9
9
9
9
9
9
9
9
9
9
9
9
9
9
9
8 1 1 0 -1 0 0 0 1
1 2 2 1 2 1
-1
-1
-1
-1
-1
-1
-1
-1
-1
-1
-1
-1
8
8
8
8
8
8
8
8
8
8
8
8
8
8
8
8
8
8
8
8
8
8
8
8
8
8
8
8
8
2 2 3 0 1 0 0 0 -1
-1
-1
-1
-1
-5 3 -4 -2 4 -1 0 -2 3 -1 0 1 -1
-32 9 -17 2 -3 0 0 2 -4 0 0 1 -1 0 0 0 0 0 -1 0 0 0 0 1
-53
-54
-54
-54
-54
-54
-54
-54
-54
-54
-54
-44 -12 2 0 -2 8 -3 1 0 0 0 0 0 0 1
7
7
7
7
7
7
7
7
7
7 -1 -1
9
9
9
9
9
9
9
9
9
9
9
9
9
9
9
9
9
9
9
9
9
9
9
9
9
9
9
8 2 2 -1 -1 0 0 1 1
0 2 2 1 2 0 0 0 1
-1
-1
-1
-1
-1
-1
-1
-1
-1
-1
-1
-1
-1
8
8
8
8
8
8
8
8
8
8
8
8
8
8
8
8
8
8
8
8
8
8
8
8
8
8
8
8 1 0 0 -1
1 2 2 0 1
-1
-1
-1
-1
-1
-1
-2
-15 9 -13 -4 6 0 0 1 -1 0 0 -1 1 0 0 0 0 0 1 0 0 0 0 0 0 0 0 0 0 0 0 0 1
-46 7 -8 4 -7 2 0 -1 3 -1
-54
-54
-54
-54
-54
-54
-54
-54
-54
-49 -6 1 0 -1 4 -2 1 0 0 0 0 0 0 1 -1
7
7
7
7
7
7
7
7
8 -1 -1
9
9
9
9
9
9
9
9
9
9
9
9
9
9
9
9
9
9
9
9
9
9
9
9
9
9
9
8 2 2 -1 -2 -1
0 1 1 1 1 0 0 1
-1
-1
-1
-1
-1
-1
-1
-1
-1
-1
-1
-1
-1
-1
8
8
8
8
8
8
8
8
8
8
8
8
8
8
8
8
8
8
8
8
8
8
8
8
8
8
8 1 1 0 -1
1 2 2 1 1
-1
-1
-1
-1
-1
-1
-1
-1
-1
-4 2 -3 -2 3 -1 0 -2 2 -1 0 1 -1
-30 9 -18 1 -2 0 0 2 -5 0 0 1 -1 0 0 0 0 0 -1
-53 1 -1 1 -1 0 0 -1 1
-54
-54
-54
-54
-54
-54
-54
-53
5 -2 1 0 1 -2 -1 1
7
7
7
7
7
7
8 -1 -1
9
9
9
9
9
9
9
9
9
9
9
9
9
9
9
9
9
9
9
9
9
9
9
9
9
9
9
7 2 2 0 -2
0 1 1 1 1 1
-1
-1
-1
-1
-1
-1
-1
-1
-1
-1
-1
-1
-1
-1
-1
8
8
8
8
8
8
8
8
8
8
8
8
8
8
8
8
8
8
8
8
8
8
8
8
8
8 1 1 0 -1 0 0 0 1
1 2 2 0 1
-1
-1
-1
-1
-1
-1
-1
-1
-1
-1
-1
-1
-13 8 -12 -4 7 -1 0 1 1 0 0 -1 1 0 0 0 0 0 1
-45 8 -10 4 -7 1 0 0 2 -1 0 0 -1 0 0 0 0 0 1
-54
-54
-54
-54
-54
-54
-54
-1 -9 2 0 2 -6 -3 1 0 0 0 0 0 0 -1 -1
7
7
7
7
7
8 -1 -1
9
9
9
9
9
9
9
9
9
9
9
9
9
9
9
9
9
9
9
9
9
9
9
9
9
9
9
7 2 2 0 -2
-1 1 1 1 1 0 0 0 1
-1
-1
-1
-1
-1
-1
-1
-1
-1
-1
-1
-1
-1
-1
-1
-1
8
8
8
8
8
8
8
8
8
8
8
8
8
8
8
8
8
8
8
8
8
8
8
8
7 1 1 0 -1 0 0 1
0 1 2 1 1
-1
-1
-1
-1
-1
-1
-1
-1
-1
-1
-1
-1
-1
-1
-3 2 -2 -1 2 -1 0 -1 1 -1
-28 9 -18 0 0 0 0 2 -6 0 0 0 0 0 0 0 0 0 -1
-53 1 -1 1 -2 1 0 -1 1
-54
-54
-54
-54
-54
-6 -15 2 0 2 -9 -3 1
7
7
7
7
8 -1 -1
9
9
9
9
9
9
9
9
9
9
9
9
9
9
9
9
9
9
9
9
9
9
9
9
9
9
9
7 2 3 0 -2
-1 1 1 0 1 0 0 0 1
-1
-1
-1
-1
-1
-1
-1
-1
-1
-1
-1
-1
-1
-1
-1
-1
-1
8
8
8
8
8
8
8
8
8
8
8
8
8
8
8
8
8
8
8
8
8
8
8
7 1 2 -1 -1
0 1 1 1 1
-1
-1
-1
-1
-1
-1
-1
-1
-1
-1
-1
-1
-1
-1
-1
-1
-1
-11 8 -10 -4 7 -1 0 0 2 0 0 0 1 0 0 0 0 0 1
-43 8 -11 4 -7 1 0 0 1 0 0 1 -1 0 0 0 0 0 1
-54
-54
-54
-54
-11 -20 1 0 1 -9 -1 -1 0 0 0 0 0 0 1 1
7
7
7
8 -1 -1
9
9
9
9
9
9
9
9
9
9
9
9
9
9
9
9
9
9
9
9
9
9
9
9
9
9
9
6 3 3 0 -1
-1 0 0 1
-1
-1
-1
-1
-1
-1
-1
-1
-1
-1
-1
-1
-1
-1
-1
-1
-1
-1
8
8
8
8
8
8
8
8
8
8
8
8
8
8
8
8
8
8
8
8
8
8
7 2 2 0 -1 -1
0 1 1 1 1 1
-1
-1
-1
-1
-1
-1
-1
-1
-1
-1
-1
-1
-1
-1
-1
-1
-1
-1
-1
-2 1 -1 -1 1 -1 0 -1 1
-26 9 -18 -1 1 0 0 2 -5 0 0 0 0 0 0 0 0 0 -1 0 0 0 0 0 0 0 0 0 0 0 0 0 -1
-52 2 -2 1 -2 1 0 -1 2 -1 0 0 1
-54
-54
-17 -24 1 0 0 -6 2 -1 0 0 0 0 0 0 1 0 0 0 0 0 0 0 0 0 0 0 0 -1
7
7
8 -1 -1
9
9
9
9
9
9
9
9
9
9
9
9
9
9
9
9
9
9
9
9
9
9
9
9
9
9
9
-16 16 17 -1 -4 0 1 -4 -5 0 0 0 2 0 0 0 0 0 1 0 0 0 0 0 -1 0 0 0 0 0 0 0 0 0 0 0 0 0 0 1
-34 -9 17 3 -4 0 0 -1 4 0 0 1 -1 0 0 0 0 0 0 0 0 0 0 1
-5 -4 5 -3 5 -2 0 2 -2 1 0 1 -1
-1
-1
-1
-1
-1
-1
-1
-1
-1
-1
-1
-1
-1
-1
-1
-1
-1
-1
8
8
8
8
8
8
8
8
8
8
8
8
8
8
8
8
8
8
8
8
8
7 2 2 0 -1
-1 1 1 1 1 1
-1
-1
-1
-1
-1
-1
-1
-1
-1
-1
-1
-1
-1
-1
-1
-1
-1
-1
-1
-1
-1
-1
-9 7 -9 -4 7 -1 0 -1 3 -1 0 0 0 0 0 0 0 0 1
-41 9 -13 4 -7 0 0 1 0 0 0 1 -1 0 0 0 0 0 1
-54
-22 -25 2 0 0 -1 3 -2 0 0 0 0 0 0 0 -1 0 0 0 0 0 0 0 0 0 0 0 0 1
7
8 -1 -1
9
9
9
9
9
9
9
9
9
9
9
9
9
9
9
9
9
9
9
9
9
9
9
9
9
9
9
-19 16 18 0 -2 0 1 -5 -5 1 0 0 1 0 0 0 0 1 1 0 0 0 0 0 0 0 0 0 0 0 0 0 -1
-53 0 1 0 1
-54
-49 -5 6 3 -5 2 0 2 -3 1 0 -1
-18 -9 16 -3 5 0 0 -2 3 0 0 -1 1 0 0 0 0 0 0 0 0 0 0 -1
-1
-1
-1
-1
-1
-1
-1
-1
-1
-1
-1
-1
-1
-1
-1
-1
-1
8
8
8
8
8
8
8
8
8
8
8
8
8
8
8
8
8
8
8
8
6 2 2 0 -1
-1 1 1 0 1 0 0 0 1
-1
-1
-1
-1
-1
-1
-1
-1
-1
-1
-1
-1
-1
-1
-1
-1
-1
-1
-1
-1
-1
-1
-1
-1
-2 0 -1
-23 9 -18 -2 2 0 0 2 -5 0 0 -1 1 0 0 0 0 0 -1 0 0 0 0 -1
-25 -22 -2 2 -4 5 3 -3 2 -1 0 -1 1 0 -1
9 -1 -1
9
9
9
9
9
9
9
9
9
9
9
9
9
9
9
9
9
9
9
9
9
9
9
9
9
9
9
-23 16 18 0 1 0 0 -4 -6 1 0 0 0 0 0 0 0 1 1 0 0 0 0 0 0 0 0 0 0 0 0 0 -1
-53
-54
-54
-54
-53
-37 -9 16 3 -5 0 0 -2 2 0 0 1 -1
-6 -5 6 -3 5 -1 0 2 -3 1 0 1
-1
-1
-1
-1
-1
-1
-1
-1
-1
-1
-1
-1
-1
-1
-1
8
8
8
8
8
8
8
8
8
8
8
8
8
8
8
8
8
8
9
6 2 3 0 -1
-1 1 1 0 1
-1
-1
-1
-1
-1
-1
-1
-1
-1
-1
-1
-1
-1
-1
-1
-1
-1
-1
-1
-1
-1
-1
-1
-1
-1
-1
-1
1 -3 -1 -1 0 2 0 1 0 0 0 0 1
9
9
9
9
9
9
9
9
9
9
9
9
9
9
9
9
9
9
9
9
9
9
9
9
9
9
9 0 0 0 0 0 0 1
-26 16 18 0 3 0 1 -4 -6 1 0 0 -1 0 0 0 0 1 1 0 0 0 0 0 1
-53
-54
-54
-54
-54
-54
-54
-50 -4 4 3 -4 2 0 2 -3 1 0 -1 1
-21 -9 17 -3 4 0 0 -2 4 0 0 -1 1 0 0 0 0 0 0 0 0 0 0 -1
-2
-1
-1
-1
-1
-1
-1
-1
-1
-1
-1
-1
-1
-1
8
8
8
8
8
8
8
8
8
8
8
8
8
8
8
8
8
8
5 2 3 0 -1
-1
-1
-1
-1
-1
-1
-1
-1
-1
-1
-1
-1
-1
-1
-1
-1
-1
-1
-1
-1
-1
-1
-1
-1
-1
-1
-1
-1
-1
1 -3 0 0 0 1
8
9
9
9
9
9
9
9
9
9
9
9
9
9
9
9
9
9
9
9
9
9
9
9
9
9 1 1 -1 -1 -1 0 1 1
-29 16 17 1 5 0 1 -4 -4 0 0 0 -2 0 0 0 0 0 0 0 0 0 0 0 1 0 0 0 0 0 0 0 0 0 0 0 0 0 0 -1
-54
-54
-54
-54
-54
-54
-54
-54
-54
-53
-39 -9 14 3 -6 0 0 -2 1 0 0 1 -2 0 0 0 0 0 0 0 0 0 0 0 0 0 0 0 0 0 0 0 -1
-8 -6 7 -4 6 -1 0 1 -3 1
-1
-1
-1
-1
-1
-1
-1
-1
-1
-1
-1
-1
8
8
8
8
8
8
8
8
8
8
8
8
8
8
8
8
8
5 3 2 0 -1
-1
-1
-1
-1
-1
-1
-1
-1
-1
-1
-1
-1
-1
-1
-1
-1
-1
-1
-1
-1
-1
-1
-1
-1
-1
-1
-1
-1
-1
-1
0 -2 0 0 0 1 -1
8
8
8
9
9
9
9
9
9
9
9
9
9
9
9
9
9
9
9
9
9
9
9
9
8 2 2 -1 -2 -1 0 1 1
-32 15 16 1 7 1 0 -3 -3 0 0 -1 -2 0 0 0 0 0 0 0 0 0 0 0 1
-54
-54
-54
-54
-54
-54
-54
-54
-54
-54
-54
-54
-51 -3 3 2 -3 2 0 2 -2 1 0 -1 1
-23 -9 18 -2 2 0 0 -2 5 0 0 -1 1 0 0 0 0 0 1 0 0 0 0 -1
-2 0 1 0 1
-1
-1
-1
-1
-1
-1
-1
-1
-1
-1
8
8
8
8
8
8
8
8
8
8
8
8
8
8
8
8
7 1 1
6 0 -1
2 1 -3 0 0 0 0 0 -1
-1
-1
-1
-1
-1
-1
-1
-1
-1
-1
-1
-1
-1
-1
-1
-1
-1
-1
-1
-1
-1
-1
-1
-1
-1
-1
-1
-1
-1
-1 -1 0 0 0 1
8
8
8
8
9
9
9
9
9
9
9
9
9
9
9
9
9
9
9
9
9
9
9
7 2 3 -2 -3 -2 1 2 2 1 0 -1 -1 -1
-35 14 15 2 8 1 0 -2 -2 0 0 -1 -2 0 0 0 0 0 0 0 0 0 0 0 1
-54
-54
-54
-54
-54
-54
-54
-54
-54
-54
-54
-54
-54
-54
-54
-41 -9 13 4 -7 0 0 -1 0 0 0 1 -1 0 0 0 0 0 -1
-9 -7 9 -4 7 -1 0 1 -3 1 0 0 1 0 0 0 0 0 -1
-1
-1
-1
-1
-1
-1
-1
-1
-1
8
8
8
8
8
8
8
8
8
8
8
8
8
8
8
7 0 1
7
7
7
5 1 -2 -1 1
0 1 -2 1 -1
-1
-1
-1
-1
-1
-1
-1
-1
-1
-1
-1
-1
-1
-1
-1
-1
-1
-1
-1
-1
-1
-1
-1
-1
-1
-1
-1
-1
8
8
8
8
8
8
9
9
9
9
9
9
9
9
9
9
9
9
9
9
9
9
6 4 4 -3 -4 -2 1 2 3 1 0 0 -1 -1
-38 13 14 2 9 2 0 -1 -1 0 0 -1 -2 0 0 0 0 0 -1 0 0 0 0 0 0 0 0 0 0 0 0 0 1
-54
-54
-54
-54
-54
-54
-54
-54
-54
-54
-54
-54
-54
-54
-54
-54
-54
-52 -2 2 2 -2 1 0 1 -2 1 0 -1 1
-26 -9 18 -1 1 0 0 -2 5 0 0 0 0 0 0 0 0 0 1
-2 -1 1 -1 1 -1 0 1 -1
-1
-1
-1
-1
-1
-1
-1
8
8
8
8
8
8
8
8
8
8
8
8
8
8
7 1 1
7
7
7
7
7
6
3 1 -3 0 0 0 0 0 -1
-1
-1
-1
-1
-1
-1
-1
-1
-1
-1
-1
-1
-1
-1
-1
-1
-1
-1
-1
-1
-1
-1
-1
-1
-1
-1
-1
7 -1 0 0 0 -1
8
8
8
8
8
8
9
9
9
9
9
9
9
9
9
9
9
9
9
9
5 5 5 -3 -6 -3 1 3 3 1 0 -1 -1
-40 12 12 3 9 2 0 0 0 0 0 -1 -2 0 0 0 0 -1 -1
-54
-54
-54
-54
-54
-54
-54
-54
-54
-54
-54
-54
-54
-54
-54
-54
-54
-54
-54
-54
-43 -8 11 4 -7 1 0 0 -1 0 0 1 -1 0 0 0 0 0 -1
-11 -8 10 -4 7 -1 0 0 -2 1 0 0 1 0 0 0 0 0 -1
-1
-1
-1
-1
-1
-1
8
8
8
8
8
8
8
8
8
8
8
8
8
7
7
7
7
7
7
7
7
7
5 1 -1 -1 1
0 1 -2 1 -1
-1
-1
-1
-1
-1
-1
-1
-1
-1
-1
-1
-1
-1
-1
-1
-1
-1
-1
-1
-1
-1
-1
-1
-1
-1
7 -2 0 0 0 -1 -1
8
8
8
8
8
8
8
8
9
9
9
9
9
9
9
9
9
9
9
3 7 7 -3 -7 -3 0 3 3 1 0 0 -1
-42 11 11 3 9 3 0 1 1 0 0 0 -1 0 0 0 0 -1 -1
-54
-54
-54
-54
-54
-54
-54
-54
-54
-54
-54
-54
-54
-54
-54
-54
-54
-54
-54
-54
-54
-54
-52 -1 2 1 -2 1 0 1 -1
-28 -9 18 0 0 0 0 -2 6 0 0 0 0 0 0 0 0 0 1 0 0 0 0 0 0 0 0 0 0 0 0 0 1
-3 -2 2 -1 2 -1 0 1 -1
-1
-1
-1
-1
8
8
8
8
8
8
8
8
8
8
8
8
7
7
7
7
7
7
7
7
7
7
7
6
3 1 -3 0 0 0 0 0 -1
-1 0 -1
-1
-1
-1
-1
-1
-1
-1
-1
-1
-1
-1
-1
-1
-1
-1
-1
-1
-1
-1
-1
-1
-1
-1
6 -3 0 0 0 -1
8
8
8
8
8
8
8
8
8
9
9
9
9
9
9
9
9
9
2 8 8 -3 -8 -3 0 3 3 0 0 0 0 0 0 0 0 0 0 0 0 0 0 0 1
-45 9 9 3 8 3 0 2 2 0 0 0 0 0 0 0 0 0 -1 0 0 0 0 0 -1
-54
-54
-54
-54
-54
-54
-54
-54
-54
-54
-54
-54
-54
-54
-54
-54
-54
-54
-54
-54
-54
-54
-54
-54
-54
-45 -7 10 4 -7 1 0 0 -2 1 0 0 -1 0 0 0 0 0 -1
-13 -8 12 -4 7 0 0 -1 -1 0 0 -1 1 0 0 0 0 0 -1
-1
-1
-1
8
8
8
8
8
8
8
8
8
8
8
7
7
7
7
7
7
7
7
7
7
7
7
7
7
5 1 -1 -1 1
1 1 -2 0 -1
-1
-1
-1
-1
-1
-1
-1
-1
-1
-1
-1
-1
-1
-1
-1
-1
-1
-1
-1
-1
-1
-1
5 -4 0 0 0 -1
8
8
8
8
8
8
8
8
8
8
8
9
9
9
9
9
9
0 10 10 -3 -9 -3 0 2 2 0 0 0 1 0 0 0 0 -1 -1
-46 8 8 3 8 3 0 3 3 1
-54
-54
-54
-54
-54
-54
-54
-54
-54
-54
-54
-54
-54
-54
-54
-54
-54
-54
-54
-54
-54
-54
-54
-54
-54
-54
-54
-53 -1 1 1 -1 0 0 1 -1
-30 -9 18 1 -2 0 0 -2 5 0 0 1 0 0 0 0 0 0 1
-3 -2 2 -2 3 -1 0 2 -2 1 0 1 -1
-1
8
8
8
8
8
8
8
8
8
8
7
7
7
7
7
7
7
7
7
7
7
7
7
7
7
7
7
4 1 -3 0 1 0 0 0 -1
-1 1 -1 0 -1
-1
-1
-1
-1
-1
-1
-1
-1
-1
-1
-1
-1
-1
-1
-1
-1
-1
-1
-1
-1
4 -4 0 0 0 0 1
8
8
8
8
8
8
8
8
8
8
8
8
9
9
9
9
-2 11 12 -3 -9 -2 0 1 1 0 0 1 1 0 0 0 0 -1 -1
-48 6 6 3 6 3 0 3 3 1 0 0 1
-54
-54
-54
-54
-54
-54
-54
-54
-54
-54
-54
-54
-54
-54
-54
-54
-54
-54
-54
-54
-54
-54
-54
-54
-54
-54
-54
-54
-54
-54
-46 -7 8 4 -7 1 0 1 -3 1
-15 -9 13 -4 6 0 0 -1 0 0 0 -1 1
8
8
8
8
8
8
8
8
8
7
7
7
7
7
7
7
7
7
7
7
7
7
7
7
7
7
7
7
6 1 -1 -1 1
1 1 -2 1 -1
-1
-1
-1
-1
-1
-1
-1
-1
-1
-1
-1
-1
-1
-1
-1
-1
-1
-1
-1
3 -4 0 0 0 1 1
8
8
8
8
8
8
8
8
8
8
8
8
8
8
9
-5 12 13 -3 -9 -2 0 0 0 0 0 1 2 0 0 0 0 -1 -1
-49 5 5 3 6 3 1 3 3 1 0 1 1 1
-54
-54
-54
-54
-54
-54
-54
-54
-54
-54
-54
-54
-54
-54
-54
-54
-54
-54
-54
-54
-54
-54
-54
-54
-54
-54
-54
-54
-54
-54
-54
-54
-53 0 1
8
8
8
8
8
8
8
8
7
7
7
7
7
7
7
7
7
7
7
7
7
7
7
7
7
7
7
7
7
7
4 1 -3 0 1 0 0 0 -1
-1 1 -1 0 -1
-1
-1
-1
-1
-1
-1
-1
-1
-1
-1
-1
-1
-1
-1
-1
-1
-1
2 -4 0 0 0 1
8
8
8
8
8
8
8
8
8
8
8
8
8
9
6 2 2 0 -1
-10 8 -9 -4 7 -1 0 0 2 0 0 0 1 0 0 0 0 0 1
-42 8 -11 4 -7 0 0 1 1 0 0 1 -1 0 0 0 0 0 1
-54
-54
-54
-54
-54
-54
-54
-54
-54
-54
-54
-54
-54
-54
-54
-54
-54
-54
-54
-54
-54
-54
-54
-54
-54
-54
-54
-54
-54
-54
-54
-54
-54
8
8
8
8
8
9
8
7
7
7
7
7
7
7
7
7
7
7
7
7
7
7
7
7
7
7
7
7
7
7
7
6 1 -1 -1 1
1 1 -3 0 -1 0 0 0 -1
-1
-1
-1
-1
-1
-1
-1
-1
-1
-1
-1
-1
-1
-1
-1
-1
1 -3 0 0 0 1
8
8
8
8
8
8
8
8
8
8
8
8
8
5 2 2 0 -1 0 0 0 -1
-1 0 1 0 1
-1
-2 1 -1 -1 1 0 0 -1 1
-25 9 -18 -1 1 0 0 2 -5 0 0 0 0 0 0 0 0 0 -1
-51 2 -2 2 -3 1 0 -2 2 -1 0 -1 1
-54
-54
-54
-54
-54
-54
-54
-54
-54
-54
-54
-54
-54
-54
-54
-54
-54
-54
-54
-54
-54
-54
-54
-54
-54
-54
-54
-54
-54
-54
-54
8
8
8
8
8
8
7
7
7
7
7
7
7
7
7
7
7
7
7
7
7
7
7
7
7
7
7
7
7
7
7
7
7
4 1 -2 -1 1
-1 1 -1 0 -1
-1
-1
-1
-1
-1
-1
-1
-1
-1
-1
-1
-1
-1
-1
0 -2 0 0 0 1 -1
8
8
8
8
8
8
8
8
8
8
8
8
5 2 3 0 -1 0 0 -1 -1
-1
-1
-1
-1
-1
-9 7 -9 -4 7 -1 0 -1 2 -1 0 0 0 0 0 0 0 0 1
-41 9 -13 4 -7 0 0 1 0 0 0 1 -1 0 0 0 0 0 1
-54
-54
-54
-54
-54
-54
-54
-54
-54
-54
-54
-54
-54
-54
-54
-54
-54
-54
-54
-54
-54
-54
-54
-54
-54
-54
-54
-54
-54
-54
8
8
8
8
8
7
7
7
7
7
7
7
7
7
7
7
7
7
7
7
7
7
7
7
7
7
7
7
7
7
7
7
7
7
6 1 -1 -1 1
2 1 -3 0 0 0 0 0 -1
-1
-1
-1
-1
-1
-1
-1
-1
-1
-1
-1
-1
-1
-1 -1 0 0 0 1
8
8
8
8
8
8
8
8
8
8
8
4 2 3 0 -1 0 0 -1 -1
-1
-1
-1
-1
-1
-1
-1
-2 0 -1
-23 9 -18 -2 2 0 0 2 -5 0 0 -1 1 0 0 0 0 0 -1 0 0 0 0 -1
-51 3 -3 2 -3 2 0 -2 2 -1 0 -1 1
-54
-54
-54
-54
-54
-54
-54
-54
-54
-54
-54
-54
-54
-54
-54
-54
-54
-54
-54
-54
-54
-54
-54
-54
-54
-54
-54
-54
8
8
8
8
7
7
7
7
7
7
7
7
7
7
7
7
7
7
7
7
7
7
7
7
7
7
7
7
7
7
7
7
7
7
7
7
4 1 -2 -1 1
0 1 -1 0 -1
-1
-1
-1
-1
-1
-1
-1
-1
-1
-1
-1
-1
8
8
8
8
8
8
8
8
8
8
4 2 3 0 0 0 0 -1 -1
-1
-1
-1
-1
-1
-1
-1
-1
-1
-1
-8 6 -7 -4 6 -1 0 -1 3 -1
-39 9 -14 4 -6 0 0 1 -1 0 0 1 -1
-54
-54
-54
-54
-54
-54
-54
-54
-54
-54
-54
-54
-54
-54
-54
-54
-54
-54
-54
-54
-54
-54
-54
-54
-54
-54
-54
8
8
8 0 1
7
7
7
7
7
7
7
7
7
7
7
7
7
7
7
7
7
7
7
7
7
7
7
7
7
7
7
7
7
7
7
7
7
7
6 0 -1 0 1
2 1 -3 0 0 0 0 0 -1
-1
-1
-1
-1
-1
-1
-1
-1
-1
-1
-1
7 -1 0 0 0 -1
8
8
8
8
8
8
8
8
3 3 3 0 0 0 0 -1 -1
-1
-1
-1
-1
-1
-1
-1
-1
-1
-1
-1
-1
-2
-21 9 -17 -2 4 0 0 2 -4 0 0 -1 1 0 0 0 0 0 0 0 0 0 0 -1
-50 4 -4 2 -4 2 0 -2 3 -1 0 -1 1
-54
-54
-54
-54
-54
-54
-54
-54
-54
-54
-54
-54
-54
-54
-54
-54
-54
-54
-54
-54
-54
-54
-54
-54
-54
8
8 0 1
7
7
7
7
7
7
7
7
7
7
7
7
7
7
7
7
7
7
7
7
7
7
7
7
7
7
7
7
7
7
7
7
7
7
7
7
7
5 1 -2 -1 1
0 1 -2 1 -1
-1
-1
-1
-1
-1
-1
-1
-1
-1
6 -2 0 0 0 -1 -1
8
8
8
8
8
8
8
3 2 3 0 0 0 0 -1 -1
-1
-1
-1
-1
-1
-1
-1
-1
-1
-1
-1
-1
-1
-1
-1
-7 5 -6 -3 6 -2 0 -2 3 -1
-37 9 -15 3 -6 0 0 1 -2 0 0 1 -1
-54
-54
-54
-54
-54
-54
-54
-54
-54
-54
-54
-54
-54
-54
-54
-54
-54
-54
-54
-54
-54
-54
-54
-54
7 0 1
7
7
7
7
7
7
7
7
7
7
7
7
7
7
7
7
7
7
7
7
7
7
7
7
7
7
7
7
7
7
7
7
7
7
7
7
7
7
7
6
2 1 -3 0 0 0 0 0 -1
-1
-1
-1
-1
-1
-1
-1
-1
6 -3 0 0 0 -1
8
8
8
8
8
8
2 2 3 0 1 0 0 -1 -1
-1
-1
-1
-1
-1
-1
-1
-1
-1
-1
-1
-1
-1
-1
-1
-1
-1
-1
-20 9 -16 -3 4 0 0 2 -3 0 0 -1 1 0 0 0 0 0 0 0 0 0 0 -1
-49 5 -5 3 -5 2 0 -2 3 -1 0 -1
-54
-54
-54
-54
-54
-54
-54
-54
-54
-54
-54
-54
-54
-54
-54
-54
-54
-54
-54
-54
-54
-54
-1 0 1 1 -1
4 -1 3 0 1 0 0 0 1
7
7
7
7
7
7
7
7
7
7
7
7
7
7
7
7
7
7
7
7
7
7
7
7
7
7
7
7
7
7
7
7
7
7
7
7
7
7
7
7
5 1 -2 -1 1
0 1 -2 1 -1
-1
-1
-1
-1
-1
-1
5 -4 0 0 0 -1
8
8
8
8
8
2 2 3 0 1 0 0 0 -1
-1
-1
-1
-1
-1
-1
-1
-1
-1
-1
-1
-1
-1
-1
-1
-1
-1
-1
-1
-1
-6 5 -5 -3 5 -2 0 -2 3 -1 0 1
-35 9 -16 3 -5 0 0 2 -3 0 0 1 -1 0 0 0 0 0 0 0 0 0 0 1
-54
-54
-54
-54
-54
-54
-54
-54
-54
-54
-54
-54
-54
-54
-54
-54
-54
-54
-54
-54
-54
-1
-1
1 -1 2 1 -1
6 -1 1 0 1
7
7
7
7
7
7
7
7
7
7
7
7
7
7
7
7
7
7
7
7
7
7
7
7
7
7
7
7
7
7
7
7
7
7
7
7
7
7
7
6
3 1 -3 0 0 0 0 0 -1
-1
-1
-1
-1
-1
4 -4 0 0 0 0 1
8
8
8
8 1 0 0 -1
2 2 2 0 1
-1
-1
-1
-1
-1
-1
-1
-1
-1
-1
-1
-1
-1
-1
-1
-1
-1
-1
-1
-1
-1
-1
-1
-17 9 -15 -3 6 0 0 2 -2 0 0 -1 1
-48 5 -6 3 -6 2 0 -2 3 -1
-54
-54
-54
-54
-54
-54
-54
-54
-54
-54
-54
-54
-54
-54
-54
-54
-54
-54
-54
-1
-1
-1
-1 -1 1 0 -1
3 -1 3 0 1 0 0 0 1
7
7
7
7
7
7
7
7
7
7
7
7
7
7
7
7
7
7
7
7
7
7
7
7
7
7
7
7
7
7
7
7
7
7
7
7
7
7
7
7
5 1 -1 -1 1
0 1 -2 1 -1
-1
-1
-1
3 -4 0 0 0 1
8
8
8 1 1 0 -1
1 2 2 0 1
-1
-1
-1
-1
-1
-1
-1
-1
-1
-1
-1
-1
-1
-1
-1
-1
-1
-1
-1
-1
-1
-1
-1
-1
-1
-5 4 -4 -2 4 -2 0 -2 2 -1 0 1 -1
-33 9 -17 2 -4 0 0 2 -4 0 0 1 -1 0 0 0 0 0 0 0 0 0 0 1
-53
-54
-54
-54
-54
-54
-54
-54
-54
-54
-54
-54
-54
-54
-54
-54
-54
-54
-1
-1
-1
-1
-1
1 -1 2 1 -1
6 -1 1 0 1
7
7
7
7
7
7
7
7
7
7
7
7
7
7
7
7
7
7
7
7
7
7
7
7
7
7
7
7
7
7
7
7
7
7
7
7
7
7
7
7
3 1 -3 0 0 0 0 0 -1
-1 1 -1 0 -1
-1
2 -4 0 0 0 1
8
8 1 1 0 -1 0 0 1
1 2 2 0 1
-1
-1
-1
-1
-1
-1
-1
-1
-1
-1
-1
-1
-1
-1
-1
-1
-1
-1
-1
-1
-1
-1
-1
-1
-1
-1
-1
-1
-16 9 -14 -3 6 0 0 1 -1 0 0 -1 1 0 0 0 0 0 0 0 0 0 0 0 0 0 0 0 0 0 0 0 1
-47 6 -7 4 -6 2 0 -1 3 -1
-54
-54
-54
-54
-54
-54
-54
-54
-54
-54
-54
-54
-54
-54
-54
-54
-1
-1
-1
-1
-1
-1
-1 0 0 0 -1
3 -1 3 0 0 0 0 0 1
7
7
7
7
7
7
7
7
7
7
7
7
7
7
7
7
7
7
7
7
7
7
7
7
7
7
7
7
7
7
7
7
7
7
7
7
7
7
7
7
6 1 -1 -1 1 0 0 0 1
1 1 -2 0 -1
1 -3 0 0 0 1
7 1 1 0 -1
0 2 2 0 1 1
-1
-1
-1
-1
-1
-1
-1
-1
-1
-1
-1
-1
-1
-1
-1
-1
-1
-1
-1
-1
-1
-1
-1
-1
-1
-1
-1
-1
-1
-1
-4 3 -3 -2 3 -1 0 -2 2 -1 0 1 -1
-32 9 -18 2 -2 0 0 2 -5 0 0 1 -1 0 0 0 0 0 -1 0 0 0 0 1
-53 0 -1 0 -1
-54
-54
-54
-54
-54
-54
-54
-54
-54
-54
-54
-54
-54
-54
-1
-1
-1
-1
-1
-1
-1
-1
0 -1 2 1 -1
5 -1 2 -1 1
7
7
7
7
7
7
7
7
7
7
7
7
7
7
7
7
7
7
7
7
7
7
7
7
7
7
7
7
7
7
7
7
7
7
7
7
7
7
7
7
5 0 -2 0 0 1 0 1
0 2 1 1 1 1 0 0 1
-1
-1
-1
-1
-1
-1
-1
-1
-1
-1
-1
-1
-1
-1
-1
-1
-1
-1
-1
-1
-1
-1
-1
-1
-1
-1
-1
-1
-1
-1
-1
-1
-1
-14 9 -13 -4 7 0 0 1 0 0 0 -1 1 0 0 0 0 0 1
-46 7 -9 4 -7 1 0 -1 2 -1 0 0 0 0 0 0 0 0 1
-54
-54
-54
-54
-54
-54
-54
-54
-54
-54
-54
-54
-54
-1
-1
-1
-1
-1
-1
-1
-1
-1
-1 0 1
3 -1 3 0 0 0 0 0 1
6
7
7
7
7
7
7
7
7
7
7
7
7
7
7
7
7
7
7
7
7
7
7
7
7
7
7
7
7
7
7
7
7
7
7
7
7
7
7
7
5 1 -1 -1 1
1 1 -2 0 -1
-1
-1
-1
-1
-1
-1
-1
-1
-1
-1
-1
-1
-1
-1
-1
-1
-1
-1
-1
-1
-1
-1
-1
-1
-1
-1
-1
-1
-1
-1
-1
-1
-1
-3 2 -3 -2 2 -1 0 -2 2 -1 0 0 -1
-30 9 -18 1 -1 0 0 2 -5 0 0 1 0 0 0 0 0 0 -1
-53 1 -1 1 -1 1 0 -1 1
-54
-54
-54
-54
-54
-54
-54
-54
-54
-54
-54
-1
-1
-1
-1
-1
-1
-1
-1
-1
-1
-1
0 -1 2 1 -1
5 -1 2 -1 1
7
7
7
7
7
7
7
7
7
7
7
7
7
7
7
7
7
7
7
7
7
7
7
7
7
7
7
7
7
7
7
7
7
7
7
7
7
7
7
7
4 1 -3 0 1 0 0 0 -1
-1 1 -1 0 -1
-1
-1
-1
-1
-1
-1
-1
-1
-1
-1
-1
-1
-1
-1
-1
-1
-1
-1
-1
-1
-1
-1
-1
-1
-1
-1
-1
-1
-1
-1
-1
-1
-1
-12 8 -11 -4 7 -1 0 1 1 0 0 -1 1 0 0 0 0 0 1
-44 7 -10 4 -7 1 0 0 2 -1 0 0 -1 0 0 0 0 0 1
-54
-54
-54
-54
-54
-54
-54
-54
-54
-54
-1
-1
-1
-1
-1
-1
-1
-1
-1
-1
-1
-1
-1
2 -1 3 0 0 0 0 0 1
6
7
7
7
7
7
7
7
7
7
7
7
7
7
7
7
7
7
7
7
7
7
7
7
7
7
7
7
7
7
7
7
7
7
7
7
7
7
7
7
6 1 -1 -1 1
1 1 -2 1 -1
-1
-1
-1
-1
-1
-1
-1
-1
-1
-1
-1
-1
-1
-1
-1
-1
-1
-1
-1
-1
-1
-1
-1
-1
-1
-1
-1
-1
-1
-1
-1
-1
-1
-3 2 -2 -1 2 -1 0 -1 1 -1
-28 9 -18 0 0 0 0 2 -5 0 0 0 0 0 0 0 0 0 -1
-53 1 -1 1 -2 1 0 -1 1
-54
-54
-54
-54
-54
-54
-54
-54
-1
-1
-1
-1
-1
-1
-1
-1
-1
-1
-1
-1
-1
-1
0 -1 1 1 -1
5 -1 2 -1 1
7
7
7
7
7
7
7
7
7
7
7
7
7
7
7
7
7
7
7
7
7
7
7
7
7
7
7
7
7
7
7
7
7
7
7
7
7
7
7
7
4 2 -3 0 1 0 0 0 -1
-1 1 -1 0 -1
-1
-1
-1
-1
-1
-1
-1
-1
-1
-1
-1
-1
-1
-1
-1
-1
-1
-1
-1
-1
-1
-1
-1
-1
-1
-1
-1
-1
-1
-1
-1
-1
-1
-11 8 -10 -4 7 -1 0 0 2 0 0 0 1 0 0 0 0 0 1
-43 8 -11 4 -7 1 0 0 1 0 0 1 -1 0 0 0 0 0 1
-54
-54
-54
-54
-54
-54
-54
-1
-1
-1
-1
-1
-1
-1
-1
-1
-1
-1
-1
-1
-1
-1
-1
2 -1 3 0 0 0 0 0 1
6 -1 1 0 1
7
7
7
7
7
7
7
7
7
7
7
7
7
7
7
7
7
7
7
7
7
7
7
7
7
7
7
7
7
7
7
7
7
7
7
7
7
7
7
6 1 -1 -1 1
1 1 -3 0 -1 0 0 0 -1
-1
-1
-1
-1
-1
-1
-1
-1
-1
-1
-1
-1
-1
-1
-1
-1
-1
-1
-1
-1
-1
-1
-1
-1
-1
-1
-1
-1
-1
-1
-1
-1
-1
-2 1 -1 -1 1 -1 0 -1 1
-26 9 -18 -1 1 0 0 2 -6 0 0 0 0 0 0 0 0 0 -1 0 0 0 0 0 0 0 0 0 0 0 0 0 -1
-52 2 -2 1 -2 1 0 -1 2 -1 0 0 1
-54
-54
-54
-54
-54
-1
-1
-1
-1
-1
-1
-1
-1
-1
-1
-1
-1
-1
-1
-1
-1
-1
0 -1 1 1 -1 0 0 0 -1
4 -1 2 -1 1
7
7
7
7
7
7
7
7
7
7
7
7
7
7
7
7
7
7
7
7
7
7
7
7
7
7
7
7
7
7
7
7
7
7
7
7
7
7
7
7
4 1 -2 -1 1
-1 1 -1 0 -1
-1
-1
-1
-1
-1
-1
-1
-1
-1
-1
-1
-1
-1
-1
-1
-1
-1
-1
-1
-1
-1
-1
-1
-1
-1
-1
-1
-1
-1
-1
-1
-1
-1
-9 7 -9 -4 7 -1 0 -1 2 -1 0 0 0 0 0 0 0 0 1
-41 8 -13 4 -7 0 0 1 1 0 0 1 -1 0 0 0 0 0 1
-54
-54
-54
-54
-1
-1
-1
-1
-1
-1
-1
-1
-1
-1
-1
-1
-1
-1
-1
-1
-1
-1
-1
2 -1 3 0 -1 0 0 0 1
6 -1 1 0 1
7
7
7
7
7
7
7
7
7
7
7
7
7
7
7
7
7
7
7
7
7
7
7
7
7
7
7
7
7
7
7
7
7
7
7
7
7
7
7
6 1 -1 0 1
2 1 -3 0 -1 0 0 0 -1
-1
-1
-1
-1
-1
-1
-1
-1
-1
-1
-1
-1
-1
-1
-1
-1
-1
-1
-1
-1
-1
-1
-1
-1
-1
-1
-1
-1
-1
-1
-1
-1
-1
-2 1 -1 -1 1
-24 9 -18 -1 2 0 0 2 -5 0 0 -1 1 0 0 0 0 0 -1
-51 3 -3 2 -3 1 0 -2 2 -1 0 -1 1
-54
-54
-1
-1
-1
-1
-1
-1
-1
-1
-1
-1
-1
-1
-1
-1
-1
-1
-1
-1
-1
-1
-1 -1 1 1 -1
4 -1 2 0 1
7
7
7
7
7
7
7
7
7
7
7
7
7
7
7
7
7
7
7
7
7
7
7
7
7
7
7
7
7
7
7
7
7
7
7
7
7
7
7
7
4 1 -2 -1 1
-1 1 -1 0 -1 0 0 0 1
-1
-1
-1
-1
-1
-1
-1
-1
-1
-1
-1
-1
-1
-1
-1
-1
-1
-1
-1
-1
-1
-1
-1
-1
-1
-1
-1
-1
-1
-1
-1
-1
-1
-8 6 -8 -4 6 -1 0 -1 3 -1
-40 9 -13 3 -7 0 0 1 -1 0 0 1 -1
-54
-1
-1
-1
-1
-1
-1
-1
-1
-1
-1
-1
-1
-1
-1
-1
-1
-1
-1
-1
-1
-1
-1
1 -1 3 0 -1
6 -1 1 0 1
7
7
7
7
7
7
7
7
7
7
7
7
7
7
7
7
7
7
7
7
7
7
7
7
7
7
7
7
7
7
7
7
7
7
7
7
7
7
7
6 0 -1
2 1 -3 0 0 0 0 0 -1
-1
-1
-1
-1
-1
-1
-1
-1
-1
-1
-1
-1
-1
-1
-1
-1
-1
-1
-1
-1
-1
-1
-1
-1
-1
-1
-1
-1
-1
-1
-1
-1
-1
-2
-22 9 -17 -2 3 0 0 2 -4 0 0 -1 1 0 0 0 0 0 0 0 0 0 0 -1
-1
-1
-1
-1
-1
-1
-1
-1
-1
-1
-1
-1
-1
-1
-1
-1
-1
-1
-1
-1
-1
-1
-1
-1 -1 1 1 -1
4 -1 3 0 1 0 0 0 1
7
7
7
7
7
7
7
7
7
7
7
7
7
7
7
7
7
7
7
7
7
7
7
7
7
7
7
7
7
7
7
7
7
7
7
7
7
7
7
7
5 1 -2 -1 1
0 1 -1 0 -1
-1
-1
-1
-1
-1
-1
-1
-1
-1
-1
-1
-1
-1
-1
-1
-1
-1
-1
-1
-1
-1
-1
-1
-1
-1
-1
-1
-1
-1
-1
-1
-1
-1
-1
-1
-1
-1
-1
-1
-1
-1
-1
-1
-1
-1
-1
-1
-1
-1
-1
-1
-1
-1
-1
-1
-1
-1
-1
1 -1 2 1 -1
6 -1 1 0 1 0 0 0 -1
7
7
7
7
7
7
7
7
7
7
7
7
7
7
7
7
7
7
7
7
7
7
7
7
7
7
7
7
7
7
7
7
7
7
7
7
7
7
7
6
2 1 -3 0 0 0 0 0 -1
-1
-1
-1
-1
-1
-1
-1
-1
-1
-1
-1
-1
-1
-1
-1
-1
-1
-1
-1
-1
-1
-1
-1
-1
-1
-1
-1
-1
-1
-1
-1
-1
