33 50 Cb
1
1
1
2
2
2
2
2
2
2
2
2
2
2
2
2
2 0 1
2 0 1
2 0 1
3
3
3
3
3
2
2
2
2
2
2
2
1
1
1



1
1
1
1
1








1
1
1
1
1
1
1
1
1
2
2
2
2
2
1
1
1
1
2
2
2
2
2
2
2
2
2
2
1
1
1
1
1
1



1
1
1
1
1








1
1
1
1
1
1
1
2
1
2
4 -4 -3 1 3 2 0 0 0 0 0 0 -1
13 1 -7 -1 0 -1 0 0 0 0 0 0 1
6 4 -4 1 -3
2
2
1
1
1
2
2
2
2
1 1
1 0 1
1 -1 1
2
2
2
2
1
1
1
1
1
1



1
1
1
1
1







1
1
1
1
1
1
1
1
1
1
12 -10 -3 0 -2 -3 0 2 1
16 0 1 0 1 1 0 1
16 2 -2 -1 4 -3 0 -1 0 0 0 0 1
3 2 -1 0 -2 2 1 -1
2
1

1
1
2
2
2
1
0 0 1
-1 -1 1
1 -1 1
2 0 1
2
2
1
1
1
1
1
1
1



1
1
1
1

-1
-1




1
1
1
1
1
1
1
1
1
3 -3 -2 1 2 3 -1 -1 -1 0 0 0 0 1
17 3 0 0 -2 -2 -1 -2 -1 0 0 0 0 -1
15 -1
18 -1
8 9 -3 0 -1 3 0 1
2
1
1
1
2
2
2
2
2 1 0 0 0 -1
-1 1
-2
0 -1 1
1
2
2
2
1
1
1
1
1
1
1



1
1


-1
-1
-1



1
1
1
1
3 0 -2 2 0 -1 0 1 0 -1 1 0 -1
2
2
1
2
9 -12 -3 0 2 4 0 2 0 0 0 0 0 -1
17 2 0 0 0 1
17 -2 0 -1 1 0 0 0 -1
20 -1 -2
16 9 -4 0 1 -3 -1 1 0 0 0 0 0 0 0 0 -1
2 1
1

1
2
2 -2 -2 1 2 1 0 -1 -1 -1 0 1
7 0 -6 1 -3 -1 0 1 1 -1
9 0 -3 -1 2 -3 1 1 0 -1
2 1 -1 0 -1
0 1
-2
-2
0 -1 1
1
2
2
2
2
1
1
1
1
1






-1
-1
-1
-1
-1
-1
-1
1
1
1
2 -1
21 0 1 -2 3 -3 -1 -1 0 0 -1 0 -1 0 -1 0 0 0 -1
11 7 -7 0 0 -1 0 1 -2 -1 0 0 1
2
1
1 1
17 -10 -2 0 -3 -5 -1 0 0 0 0 0 0 1
16 6 3 -1 -3 0 0 -1 0 0 0 1 1 1 0 0 0 -1 -1
17 -5 -4 0 -3 -2 0 1 1 1 0 1 2 1 0 0 1 1
22 -1
22 5 -1 0 2 -4 1 -1
3 3 -1 0 -1 2
1
0 1
1 -1 0 0 1 1 0 -1 -1
10 -4 -8 1 2 -1 0 1 2 0 0 -1 -1
17 -1 -1 -2 -4 -1 0 -1 -2 -1 0 -1
18 1 -1 0 3 -1 0 0 0 0 0 0 1
12 -3 0 1 -1 3 1 -2 1 0 0 0 0 1
4 4 -1 0 -1 2 1 -1
1 1
-1
-2
-2 -1
0 -1 1
1 0 1
1 0 1
2
2
2
2
1
1
1






-1
-1
-1
-1
-1
-1
-1
2
1
1
3 -2
15 -5 1 1 1 -4 -2 1 0 0 0 0 0 0 -1
20 -1 0 0 1 -1 0 -1 1
9 7 -5 0 0 0 0 2 -1
2
1 0 0 0 0 1 -1
17 0 2 -1 -3 -4 0 1 1 0 0 0 -1 -1 -1
9 -5 0 1 6 6 0 2 2
20
21 -1
23 1 1 0 0 -1
7 9 -1 0 -2 2 0 0 0 0 0 0 0 0 1
-1 1 2 -1
-2 -1 0 2 3 1 -1 -1 -2 -1
13 -9 -9 -1 -1 -1 0 2 2
20 3 1 0 -1 0 0 -1 -1
16 0 -1
19 -2 -1
16 5 -2 0 -1 3 -1 1
6 8 0 0 -1 3 1 1
0 0 2 -1 1 -1
-1
-2
-1
-2
0 0 1
1 0 1
1 -1
2
2
2
1
1
1
1

1

-1
-1
-1
-1
-1
-1
-1
-1
-1
1
1
1
3 -3
14 -9 1 0 1 -4 1 -1 0 0 0 0 0 -1 1
20 -1
20 2 -2 0 2 -1
6 6 -4 0 -2 2 0 0 0 0 0 0 -1
2 -2 -1 0 1 2 -1
12 6 1 0 -1 -5 1 -1 0 0 0 0 0 0 0 0 -1
13 -9 -1 0 -2 -3 1 1 0 0 0 0 1 1
19
19 0 1 0 -1 0 0 0 1
19 1 1
13 4 -3 -1 4 1 0 0 0 0 -1 0 -1 -1 0 0 0 1 1 1 0 0 0 0 -1
9 -1 -9 0 2 -2 0 2 0 -1 0 -1 -2 0 0 0 0 -1 0 0 0 0 0 1
12 -7 -6 0 -2 1 0 0 1
24 1 0 0 -1 -2
19 1 -1
19 -1 -2
22 -1 -2
20 6 -1 0 0 -2 -1
7 10 -1 0 0 2 0 0 0 0 0 0 0 0 -1
-3 1 -2
-3 -1 1 0 0 0 0 -1 1
-1
-1
-1
-1

1 0 1
1
1 -1 1
1
1
1
1
1
1
1

-1
-1
-1
-1
-1
-1
-1
-1
-1
1
1
1
4 -3 0 0 0 -1
12 -10 1 0 0 2 2 -1 1 0 0 0 0 1 -1 0 1
22
24 -1
18 7 -4 -1 2 -1
5 -3 -2 0 -1 5 -1 -1 1
11 6 0 0 0 -4 -1 0 0 0 0 0 0 0 1
12 -2 2 0 -2 -3 -1 -1
18 -3 0 0 2 0 0 0 0 0 0 0 -1
15 8 0 0 0 1 -3 -4 -1 0 0 0 0 1 1 0 1
17 0 0 1 2 1 -1 -2 -1 0 0 0 1 1
13 6 1 0 1 2 -2 -5 -3 0 0 0 -1 0 1 0 0 1 0 0 0 0 0 0 1
26 -2 -2 0 -1 0 -2 0 0 0 0 0 -1 -1
22 3 -2 0 -2 3 0 0 -1 0 0 0 -1 1
25 0 -1 0 1 -1
22 2 2 -3 -2 1 0 0 2 2 -1 -1 0 0 0 0 0 0 0 0 1
23 -2 0 -2 2 -1 0 1 -2 1 -1 1 0 0 0 0 0 0 0 -1
26 0 -1 -1
21 5 1 0 1 0 -1 -1
10 11 -1 0 0 2 -1 0 0 0 0 0 0 0 -1
-1
-2 1 -1
1 -2 -5 3 2 0 0 0 -1 -1 1
3 0 -6 3 -1 0 0 0 1
0 1 -2 1 -1 0 0 0 1 -1



0 0 0 1





1
1
1


-1
-1
-1
-1
-1
-1 -1


1
1
1
4 -3
8 -3 2 0 -3 3 -2 2 0 0 0 0 0 0 1 0 0 1
23 -1
25 -1 -1
24 1 -1 0 1 -1
11 8 -3 0 -2 4 -2 2 0 0 0 0 -1 0 1
10 6 0 0 0 -5 -1 0 0 0 0 0 0 0 1
7 0 2
20 -4 -2 0 -3 -3 -2 -2 0 0 0 0 1 1 0 0 0 1
16 -3 0 0 3 9 2 2 0 0 0 0 -1 -2 0 0 0 -1
20 -2 -1 0 -3 -2 1 1 0 0 0 0 1 1
14 -7 -2 0 2 9 0 1 0 0 0 0 0 -2 -1
29 -1 -1 0 0 1 0 0 0 0 0 0 0 0 -1
26 7 -1 0 -1 -1 -1 1
19 1 2 1 1 -1 0 -1 -1 1 0 -1 0 0 0 0 0 0 1
19 -3 -5 -3 0 0 0 1 1 -2 -1 1 0 0 0 0 0 0 0 1
22 0 -3 -1 -2 -1 1 1 -3 -1 0 -1 1 0 0 0 0 0 0 0 0 0 0 0 1
20 -1 4 1 1 -1
19 -1 1 0 0 2 0 1 1 0 0 0 -1
10 9 2 -1 2 2 0 0 -1 1 0 1
2 -2 -3 1 1 1 -1 -1 0 0 0 -1 0 1
14 -4 -10 -2 -3 0 0 1 2 0 0 1 1
20 0 -1 -1 -1 0 0 0 -1 -1
21 0 0 -1 1 0 0 -1 1 -1
12 9 -4 -1 -1 1 0 0 -1
1
1
1
1





1
1
1

-1
-1
-1
-1
-1


1
1
1
1
1
3 -3 0 0 0 1
7 0 0 0 0 -1
18 -8 3 0 2 -4 -1 0 1 0 0 0 1 -1 0 0 -1 1
24 0 2
23 0 2
19 4 -2 -1 3 -3 1 -1
11 6 -1 0 0 -2 -1 -1 0 0 0 0 0 0 1
10 -1 -4 1 -1 -2 1 3 1 1 0 0 1 -1 0 0 1 -1 -1
21 0 1 0 0 -1 0 3 1 0 0 0 0 0 -2 0 1 0 0 0 0 0 0 0 0 0 0 -1
16 -10 -1 0 0 -4 2 2 0 0 0 0 0 1 1
16 2 3 1 3 1 1 -2 -3 0 0 -1 -1 0 0 0 0 1 2
20 -9 -1 -2 -3 3 4 0 -1 0 1 0 0 -1 0 -1 -1 0 1 1 0 0 0 0 1
28 -4 2 0 0 0 1 1
24 9 3 -1 0 -3 -1 -2 -1 0 0 0 1 1
18 -2 -2 0 1 0 0 0 0 0 0 0 0 -1
24 -1 -1 0 0 -1
26 -1 -1
16 5 0 0 -3 4 1 -1 -1
16 -2 -6 3 3 0 0 1 3 1 0 -1 -1 0 0 0 0 0 -1
21 -2 -4 -4 -3 0 0 -1 -1 -1 -1 1 1 0 0 0 0 0 0 1
22 7 -5 -2 3 -5 1 1 -1 -1 -1 -1 1 -1 0 0 0 0 0 -1
20 -3 0 1 0 -4 -1 0 1
20
21 -1
13 11 1 0 -1 0 0 0 0 0 0 0 0 0 -1
1
1
1



-1

0 -1
1
1


-1
-1
-1
-1

1
1
1
1
1
1
1
2 -1 0 0 -1 1
6 -1
9 -4 3 0 -3 3 0 0 0 0 0 0 -1 1 0 0 0 1
20 -1 2 0 1
19 1
20 0 1
16 1 -1 -1 1 2
17 1 -1 0 1 -3 1 0 0 0 0 0 0 0 -1
19 2 0 0 -1 -10 1 0 0 0 0 0 0 0 -2 -1 -1
17 -2 -1 1 -2 -9 -2 -1 -1 0 0 0 0 1 -1 0 1 1
20 -6 -4 0 0 0 -1 0 0 -1 0 0 0 0 0 0 1
17 -3 2 0 -1 -1 2 0 0 0 0 0 0 1 2 1
21 -3 1 1 0 -2 0 1
19 0 -1 1 1 3 2 1 2 0 0 0 1
19 -2 4 -5 -1 1 0 -1 1 3 -1 0 1
18 2 10 -2 0 1 0 -1 -5 -3 1 3 1 0 0 0 0 0 0 0 0 0 0 -1
20 -4 9 0 1 3 0 -2 5 -3 0 -3 1 1 0 0 0 -1 1
21 2 1 -1 0 5 1 1 0 -1 0 0 0 0 0 0 0 -1 0 1
22 0 0 1 1 0 0 0 0 1
20 2 -4 -2 1 -2 1 1 0 0 0 0 1 -1 0 0 1 0 1
24 -2 1 0 2 -5 0 0 0 0 0 0 0 0 -1
21 0 -1 0 0 -1 -1
20 0 -1
22 -1 -1
10 12 1 0 0 3 0 -1
1
1


-1
-1
-1


1
1


-1
-1
-1


1
1
1
1
2
1
1
2 0 0 0 1
5 -1 0 1 -1 0 0 0 1
7 0 0 0 1
12 -5 3 0 0 -1 0 -1 1 0 0 0 1 -1
17 0 1 0 1
17 1 1
17 -1
18 2 0 0 -1 -4 1 1 0 0 0 0 0 0 -1
20 3 0 -1 1 -7 1 -2 -1 0 0 0 0 -1 1 0 -1
21 1 -1 -1 -1 -5 1 0 0 0 0 0 0 -1 -1
25 0 1 -1 -3 -2 0 -1 -1
17 -7 -2 0 1 0 1 1 1 0 0 0 -1 0 1
22 2 0 -1 -1 0 0 1 0 0 0 0 0 -1
15 3 2 -2 0 1 0 -1 2 1 0 0 0 1 0 0 0 0 -1
12 4 0 0 0 0 -1 0 0 -1 -1 0 -2 -1 0 0 0 0 -1
12 -1 2 -1 -4 2 -1 1 -3 0 0 -1 -1 1 1 0 0 1 -1
17 4 -1 -1 3 -1 0 0 1
19 -2 2 0 2 -4 1 -2 2 2 0 0 1 0 -1 0 1 -1 1 1 0 0 0 0 0 1
19 -2 2 0 2 -2 -1 1
22 -2 0 0 0 -1 1 0 0 0 0 0 0 0 -1
23 -4 0 0 0 -4 0 0 0 0 0 0 0 0 -1
24 0 -1
24 0 -2
24 0 -1
9 12 0 0 0 3
1


-1
-1
-1
-1 -1

1 -1
1
1


-1
-1
-1

1
1
1
1
1
1
1
1
3 -2 1 0 -1 1 0 0 0 0 0 0 1
18 -2 -3 -3 8 -6 -1 1 0 0 0 -1 1 0 0 0 0 0 0 0 0 0 0 0 0 1
8 2 -2 1 -3 2 1 -1 1
8 -2 1 0 -1 2 0 1
15 -2 1
17 1 -1 0 1 1
18 0 -2 0 0 -1
18 3 0 0 -1 -3 -1 -1 0 0 0 0 0 0 1 -1
20 1 -1 0 0 1 0 1 0 0 0 0 0 2 0 0 0 0 0 0 0 0 0 0 0 1
23 3 -1 0 0 -5
23 0 0 0 2 0 0 -1
20 3 0 -1 -2 0 0 -2 -2 0 0 -1 -1
15 0 1 2 -1 -1 0 0 0 2 1 1 0 1 1 0 -1
7 4 -1 1 1 1 0 0 0 0 0 0 1
11 2 -1 0 -2 1 -1 -2 0 0 0 0 0 -1 0 0 -1
7 2 1 -1 0 -1 1 0 -1 1 0 0 1
15 -1 1 -1 1 -1 -1 1 -1 0 1
14 2 2 0 -2 -1 1 1
19 -5 -2 -1 1 -5 -2 1 -1 1 0 -1
19 2 -2 2 -3 -1 1 2 -1 3 0 2 -1 0 0 0 0 1 -1
23 0 1 0 -2 -5 -1 0 0 0 0 0 0 1
21 -1 2 0 1
23 0 2
22 0 2 0 0 1
9 10 0 1 2 4 0 0 -1
4 -1 -5 2 0 0 0 0 0 0 0 -1
7 -2 -8 1 1
9 0 -9 0 0 0 0 0 0 0 1
8 1 -9 0 0 0 0 0 0 -1 1
5 2 -7 1 -1 0 0 0 0 -1 1
0 1 -1 0 -1 1
-1

1
1
1

-1
-1
-1


1
1
1
1
1
1
1
1
2 -1
8 -7 5 1 -5 2 0 0 0 0 0 0 -2 1 0 0 0 1
18 2 -2 -1 3 -2 0 -1 1 0 0 0 0 0 0 0 0 0 1
8 3 -3 1 -3 2 0 -1 1
12 -4 2 0 1 0 -1 0 0 0 0 0 0 -1
19 -1 -1
21 -1 -1
17 4 0 0 0 2 -1 -1 0 0 0 0 0 0 0 0 1
21 0 0 0 1 -3 0 0 0 0 0 0 0 -1 0 0 1
24 3 1 -1 1 -6 1 1
25 -2 0 0 -1 -1 0 1
20 3 0 0 1
15 3 4 -2 -3 2 -1 0 0 0 -1 1 0 -1 -2 1 0 0 0 0 1
10 0 1 0 0 2 0 2 -1 -1 0 1 -1 -1 0 0 1
10 1 -2 1 2 1 0 1 2
7 2 -3 -1 0 -1 0 1 -1
10 0 3 1 -1 1 -2 -1 -1 0 0 0 0 0 -1 0 0 1
16 0 -1 -1 0 -6 2 0 1 0 0 0 1 -1
15 -4 3 -1 -4 -7 -1 1 2 0 0 0 0 -1
13 -4 -4 2 2 2 0 1 1 1 1 -1 0 3 1
18 4 3 0 -1 -2 -1 -1 0 0 0 0 0 -1 -1
10 -3 3 1 2 5 0 2 0 0 0 0 -1 0 0 0 0 -1
18 0 2
18 -1 1
19 -1 -2 -1 0 0 0 1
18 1 0 -1 0 1 0 0 0 -1
17 -1 1 0 0 1
19
19 0 1
20 2 0 -1 -1 -3 1 1 1 0 0 0 0 0 -1
1 4 1 0 1 2



1

-1
-1
-2
-1


1
1
1
1
1
2
1
1
2 -1
4
11 -8 6 0 -1 0 0 -3 3 1 0 0 0 0 0 0 0 -1 1
17 4 -2 -1 3 -2 0 -1 1
8 -1 1 1 -3 2 0 -1 1
18 -4 2 0 1 -2
21 0 1
17 1 0 0 1 4 0 0 0 0 0 0 0 -1 -1
22 -3 -1 0 0 1
22 0 0 0 0 -4 2 -2 0 0 0 0 0 -2 0 0 -1
24 1 1
21 1 -1 -3 -2 -1 0 1 2 1 -1 1 1 0 0 0 0 0 -1 0 1
17 3 4 -1 0 0 0 0 -1 -1 -1 0 -1 0 0 0 0 0 0 0 -1
10 3 1 -1 1 0 0 1 -1 -1 0 -1 1 0 0 0 0 0 0 -1
9 -2 4 0 0 -1 1 0 1 -1 0 0 1 -1 0 0 0 0 0 -1
8 1 0 2 2 0 1 0 0 0 0 -1 0 0 0 0 0 0 -1 -1
8 -1 -1 3 -1 0 0 1 1 0 0 0 0 0 0 0 0 0 1 1
8 1 1 3 1 -1 0 -1 0 2 1 0 -1 1
10 -1 -3 2 0 -3 0 -1 1 1 0 1 -1 1 1
19 -4 0 0 -2 1 0 2 1 0 0 0 -1 -1
10 5 3 0 3 2 0 -1 -1 0 0 0 0 0 0 0 0 1
11 -4 -2 0 0 1 0 0 -1 -1
17 -1 -4 2 1 -1 0 1 0 -1
19 0 -5 3 0 0 0 0 0 0 -1 -1
20 0 -2 3 -2 -1 0 0 0 -1 0 1 0 0 0 0 0 0 0 0 1
16 0 2 -1 1 1 0 -1 1 -1 1 -1 2 0 0 0 0 0 -1
17 -1 0 -1 -1 0 0 1
18 -1 1 0 0 1 0 0 0 -1
19 -1 0 0 0 0 0 0 1
14 10 3 0 -2 -2 0 -1
-1 1 1 0 1 1 0 1





-1
-2
-2 -1
-1

1
1
1
1
1
1
1
1
1
2 -1
3
3
11 -6 5 1 0 0 0 -3 2 0 0 0 0 0 0 0 0 -1 1
11 6 -2 0 0 0 -1 2
14 -7 2 -1 1 -2 0 -1 1
17 0 2
18 -3 0 0 1 3 1 0 1
24 -1
20 5 4 -1 -2 2 1 0 0 0 0 1 0 1 -1 0 -1 1
17 0 8 0 -1 1 0 0 2 -3 1 0 -1 0 0 0 0 0 0 -1 0 0 1
24 -3 4 -3 4 -3 0 1 -2 0 0 1 -1 1
14 7 -2 -1 -3 2 0 0 -2 0 0 0 -1 0 0 0 0 0 0 0 0 0 0 0 -1
13 -2 -5 0 1
16 -2 -6 -1 0 1 0 0 2 0 0 0 -1 0 0 0 0 0 -1 -1
18 4 0 -1 -2 -1 0 -1 -2 -1 -1 -1 -1 0 0 0 0 0 -1
11 1 1 0 1
10 -1 -2 0 0 1
14 -2 -2 -1 0 1 -1 0 -1
16 5 3 0 -2 -3 -1 -2 -1 0 0 0 0 0 -1
13 -1 -4 0 -2 -1 0 0 0 0 0 0 1 1 0 0 0 1
20 -6 -1 -2 -1 0 1 0 -1 1 -1 1 1 0 1 0 0 1 0 0 0 0 0 0 -1
25 2 1 0 1 0 -1 -1 0 1
24 0 -1 0 0 -2 0 0 0 0 0 0 0 0 -1
24 -1 0 0 0 0 1 0 0 0 0 0 1
17 7 2 -1 2 3 -2 -1 0 -1 -1 0 1 -1 0 0 0 0 1
16 0 -1 0 0 -1 -1 1
13 4 1 2 -3 -1 0 2 -2 1 -1 1 -1 0 0 0 0 1 -1 1
18 0 3 -1 1 -2 -1 2 -1 0 0 -1 -1 0 -1 0 1
4 8 4 0 3 3 1
-2
-1 0 1


-1
-1
-2
-2
-1


1
1
1
1
1
1
2
1
1
1
3
2
3 -1 1
12 -2 2 -1 4 -3 0 0 1 0 0 0 0 0 0 0 0 1
8 -2 1 0 -3 2 0 -1 1
14 -1 1
17 -3 1 0 0 2
19 3 3 0 -1 -1 0 -1 -1 0 0 0 1 1
15 0 -3 0 1 0 0 0 1 0 0 -1
16 0 -4 -1 -1 -1 0 0 -1
17 -6 -3 1 -4 3 3 -1 0 0 0 0 -1 1 1 -1 1
19 4 -1 0 1
19 -5 0 0 0 0 0 -1 1 0 0 1 0 -1 0 0 0 -1
22 2 -1 0 -1 -1 0 1
17 2 -1 0 1
14 0 -3 0 1 1
17 -2 -4 0 0 -1
17 2 0 0 -2 1 0 0 0 0 0 0 0 0 -1
17 -5 -4 0 2 0 1 4 3 0 0 0 -1 -1 0 0 0 -1
12 5 4 0 3 1 0 -2 -3 0 0 0 -1 0 0 0 0 1 1 0 0 0 0 0 1
20 -9 -4 -1 -2 -4 0 1 0 0 0 0 0 1 1
25 0 -2 0 0 0 0 0 0 1
26
23 2 1 0 -2 -2 1 1 0 1
20 -2 -4 0 0 -1 0 2 2 0 0 0 1 1
18 3
13 6 0 0 0 -5 2 0 0 0 0 0 0 0 -1
6 4 5 0 -1 -5 -2 -2 0 0 0 0 0 -1 -1
-2 1 1 0 1 1
-2
-1
-1
-1
-1 0 1
-2
-2
-2
-1 -1
-1 -1

1
1
1
1
1
1
7 0 -2 -1
6 1 -2
3 1 -2
0 1 0 0 -1
1 -1 1 0 0 -1
2
2
4 -2 2 1 -2 1 0 1
8 2 0 -1 2 -2 0 1 -1
10 -4 3 0 0 0 0 -1 1 0 0 0 1
15 -1 0 0 0 1 -1 0 -1
17 0 0 -1 -1 1 0 0 0 0 0 1 1
15 1 2
17 -2 1 0 0 1
20 0 0 0 0 2 0 0 0 0 0 0 0 0 -1
21 3 -1 0 0 -2
15 0 2 0 -3 1 0 1
21 2 0 0 1
19 0 -1 0 0 1
20 -1 -1
23 -1 -1 0 0 -1
18 2 -1 -1 1 2 0 1 1 1 0 0 -1 0 0 0 0 1
13 4 4 1 5 -1 0 -2 -2 0 0 -1 -3 0 0 0 0 0 0 0 0 0 0 0 1
14 -3 -3 0 0 -1 0 0 -1 -1
25 -3 1 -1 -2 -3 -1 -1 0 0 0 1 0 -1 0 0 0 0 0 -1
26 1 0 1 1 0 0 0 0 -1 0 -1 0 0 0 0 0 0 0 1
24 1 -2 0 1 0 0 0 0 3 1 -1 0 0 0 0 0 0 0 -1
17 0 2 2 -2 7 -1 -3 4 1 0 2 -1 0 0 0 0 -1 1 -1
22 2
18 2
11 9 1 0 -1 -4 0 -1 0 0 0 0 0 1 1
-2 2 1 1 1 1 0 0 1
-3
-2 -1
-1
-1
-1
-2
-2
-3
-2
-2 -1
-1


1
1
1
1
1 0 1
9
8 1
6 1
1 2 0 0 0 0 0 -1

1 -1 1
2
2
3 -2 2 0 -2 1
7 2 1 -1 1 -2 0 1 -1
12 -7 1 1 1 -1 1 0 1 0 0 0 0 -1
14 2 1 0 0 1
13
16 -1
20 -2 0 0 1 1 -1
22 3 0 0 0 -1
14 1 -1 0 1 1
18 -3 1 0 -1 -4 0 0 1 1 0 0 0 -1 0 0 -1
16 0 4 1 1 0 0 0 -3 -1 0 0 0 0 0 0 0 0 1 1
16 0 -4 1 1 0 0 1 2 3 2 0 0 0 0 0 0 0 -1 -1 0 0 -1
17 -1 -3 -1 -1 1 0 0 -1 1 2 -1 1 0 0 0 0 0 1 -1 2
16 1 -4 3 4 3 0 -1 2 2 -1 -1 -2 -1 0 0 1 -1 0 0 -1 0 0 0 1
17 -1 -5 -1 0 1 -1 -1 0 3 2 1 1 0 0 0 0 0 0 0 0 -1
23 -1 -4 1 -3 0 -1 0 0 2 0 2 -2 1 0 0 0 0 0 1
26 0 1
25 1 1
21 2 2 1 1 1 0 -2 -3 0 0 1 1 0 0 0 0 0 1 0 0 0 0 0 -1
19 -2 -2 -1 -2 1 1 1 0 0 0 1 1 0 0 0 0 0 1
22 0 0 0 0 -1
19 2
7 11 2 0 0 0 -1 -1 0 0 0 0 0 -1
-3
-3
-1 -1
-1
-1
-2
-3
-3
-3
-2
-2
-2
-1
-1 0 1





9
8 1
5 3 1 0 -1 -1


1
1 0 1
1 0 1
1
4 -4 2 0 0 0 0 -2
10 -2 4 -2 -3 0 1 -1 1 1 0 -1
11 0 4 -2 1 0 0 0 -1 1
13 -2 0 0 1 0 0 0 -1 0 0 1
16 -1
21 -4 0 0 0 1
22 3 0 0 0 -1
16 1 0 0 0 0 0 -1 -1 0 0 1 1
17 -1 -5 -1 0 0 0 1 2 1 0 1
20 -1 -1 -1 -1 0 0 0 0 -1
19 1 1 -1
17 1 2
17 -2 1 0 1 -1 0 0 0 0 0 0 1 0 0 0 1 -1
23 -2 1 -1 0 0 0 1 -1 0 0 0 0 1
26 0 1 0 0 -1
24 1 1 0 -1
20 0 1 1 3 0 0 -1 -1 0 0 -1 -1 0 0 0 0 0 1
20 0 3 -2 -2 -1 0 -2 -2 1 -1 0 1 0 0 0 0 0 0 0 1
17 -1 1 0 0 1
21 -1 0 0 0 -1
18 2 1 0 -1 0 1 1 1
1 7 2 0 2 3
-3
-2
-1
-1
-2
-2
-3
-3
-3
-3
-2
-2
-2
-2
-1 0 1
-1
-1


8 0 2
7 1 1
3 3 1 0 1
1



0 0 1

1 -1 1 0 -1 1 0 1
1 2 1 0 1 2 0 1
2
3 -1 2 1 -1 1 0 1 -1 1
8 -2 7 2 -1 0 0 0 1 0 0 1 -1
19 -6 4 -3 3 -3 1 0 -1 1 0 0 1 0 0 0 0 0 -1
20 3 1
18 -1
20 -1 -1 0 0 -1
19 2 1 0 -1
15 0 1 0 0 1
14
18 -2 -1 0 -1 -1
21 -4 -2 0 -1 -1 -1 0 1
21 4 7 -4 -4 0 0 -1 2 2 -1 0 1 0 0 0 0 0 -1
13 2 9 2 3 0 0 0 -3 -4 1 1 -1 0 0 0 0 0 0 1 0 0 0 -1
11 0 -3 5 4 0 0 0 4 3 0 0 -1 0 0 0 0 0 -1 -1
13 -2 -4 -3 -3 0 0 0 -1 -1 0 0 1 0 0 0 0 -1 1
17 -1
21 0 0 0 0 -1
11 10 5 -1 -2 -1 0 -1 -1
-3 0 0 0 1
-3
-2
-1
-1
-2
-3
-3
-3
-3
-2
-2
-2
-2
-2
-1
-1
-1
-1

0 0 1 1
0 0 2 1
-1 0 1
-1
-1
-1
-2
-2
-1
-1
0 -1
1
2
2
3 -2 3 1 -1 1 -1 1 -1 1 0 -1 1 -1 0 0 0 0 1
13 -3 6 0 4 -1 0 0 1 0 0 0 2 -1 0 0 0 0 0 0 0 0 0 0 1
17 -2 1
19 -1 1
16 2 0 0 1 1
14
16 -2 -2
21 0 -1 -1 0 -1 -1 -1
17 3 3 1 3 1 0 -2 -3 1 0 -2 -1 0 0 0 0 1 1
14 -1 -3 -3 -2 0 0 0 -1 -1 0 0 1 0 0 0 0 0 1
16
16 0 0 0 0 -1
14 -1 1 0 1 1
17 -1 1 0 0 0 0 0 1
16 3 3 1 1 -2 1 -1 -3 -1
2 3 -4 5 2 2 0 1 1 -3 1
0 0 -6 4 0 0 0 0 0 -3 2 0 0 0 0 0 0 0 0 0 -1
0 0 -5 3 -1 0 0 0 0 -3 1 0 0 0 0 0 0 0 0 0 -1
-1 0 -2 1 -1 0 0 0 0 -1 1
-1
-2
-2
-3
-3
-3
-3
-2
-2
-2
-1
-1
-1
-1



-1
-1
-1
-1
-1
-1
-1
-1
-1
-1
0 -1
1
1 0 1
1 0 1
1
2 -2 2 1 -2 1 -1
16 -3 1 0 2 -3 -1 2 -1 0 0 0 0 1
17 0 1
16 0 0 0 1
18 -2 -2 0 0 1
21 0 1 -1 -2 0 0 0 0 0 0 0 1
17 3 2 1 1 0 0 -1 -1 0 0 0 0 1 0 0 0 1 1
15
15 1
15
14 1 1 0 0 -1
13 -2 -1 2 1 0 0 0 -1 -2 1
19 -3 -7 1 1 0 0 1 3 1 0 0 0 0 0 0 0 0 -1 -1
25 -1 -2 -1 -1 -1 0 -1 -1 -1 0 -1 -1
24 1 -1
23 0 -1
22 1
19 1 -1 -1 1 0 0 0 0 -1 -1
17 1 -3 -3 1 0 0 0 1 -2 -1
6 9 -4 -3 -3 1 0 0 -2 1
-3
-3
-3
-3
-2
-2
-2
-1
-1
-1
-1
-1




-1
-1
-1
-1
-2
-2
-2
-2
-1
-1 -1



1
1
9 -7 4 1 -1 -2 1 -1
15 -1 1 1 1
18 -2 -1 0 0 0 0 0 1
18 1 3 0 0 0 0 -1 -2
16 0 -2 1 2 0 0 0 1
17 0 -2 0 -1 0 0 0 -1
17 0 -1
16 0 -1
16
17 -2 -1 -1 0 1 0 1
22 -2
24 0 1
25 0 1
24 1 1
22 1 2 -1 -1 0 0 0 0 1 -1
18 2 6 -3 -1 0 0 0 0 2 -1
13 2 9 -3 -1 0 0 0 -1 0 0 1
6 4 8 2 2 0 0 -1 0 1 0 -1 -1 0 0 0 0 0 0 -1
-1 1 1 1 1 0 0 0 1
-3
-3
-3
-2
-2
-2
-2
-1
-1
-1




1
-1
-1
-1
-1
-1
-1
-1
-2
-2
-1
-1 0 -1
0 1 -1 1 -1
-1

0 -1
3 -1 -3 1 0 -2 0 1
6 -3 1 -1 1 -1 0 0 -1 0 0 -1 1 0 0 0 0 0 -1
12 -3 3 1 -1 0 0 -1 1 0 0 -1
17 -2 -1 0 2 -1 0 0 1 1
20 -1 -1 -1 -1 0 0 0 -1 -1
20
19
19
17 2 2 -1 -1 -1
10 1 6 1 0 1 0 0 -1
9 0 6 2 0 0 0 0 0 0 -1
8 0 6 3 0 0 0 0 0 1
7 0 5 3 0 0 0 0 0 2 1
6 0 4 3 0 0 0 0 0 2 1
5 1 4 2 1 0 0 0 1 2 1
3 1 1 1 0 0 0 0 0 1 1
2 1 1
0 1 1
-1 1
-2
-3
-3
-2
-2
-2
-2
-1
-1
-1





1
-1
-1
-1
-1
-1
-2
-2
-2
-2
-1
1 -2 -1
2 1
1 1 -1 -1 0 -1
-1 0 1
0 -2 0 0 0 1
7 -2 0 0 0 -1
1 1 0 0 -1 1
2 -1 4 3 -1 0 0 0 0 1 0 1 0 0 0 0 0 0 0 1
5 -3 8 2 -2 1 0 0 1 -1 0 0 0 0 0 0 0 0 0 -1
10 -2 10
13 0 10 -2 0 -1 0 0 1 -2 2 0 0 0 0 0 0 0 0 -1
10 1 12 -2 0 0 0 0 -1 -2 1
7 1 9 1 2 0 0 0 -1 0 -1 -1
4 1 3 1 1 0 0 0 1 1
4 0 1
4 0 1
3 0 1
3 0 1
2 0 1
1 1 2 -1
0 0 1
-1
-1
-2
-2
-3
-3
-2
-2
-2
-1
-1
-1
-1






-1
-1
-1
-1
-1
-1
-1
-2
-1
0 -1 -1
1
1
-1 1 1 0 1
-2
0 -2 0 0 0 1
6 -2
1 3 0 0 0 2 1


1 0 -1 -1
1 0 0 0 0 0 0 0 -1 1
2 0 0 1 0 0 0 0 1 0 -1 1
1 0 -1 -1 0 0 0 0 0 -1 0 -1 0 0 0 0 0 0 0 -1
1 0 -2 -1 0 0 0 0 0 2 0 0 0 0 0 0 0 0 0 1
0 0 -1 0 0 0 0 0 0 1 -1
0 1 1 1 0 0 0 0 0 1
-1 0 1 1
-2
-3
-2 0 -1
-1
-1
-1
-1
-2
-2
-2
-2
-2
-2
-2
-1
-1
-1






-1
-1
-1
-1
-1
-1
-1
-1
-1 0 -1 0 0 1
1

0 1 1 0 0 -1
-2
-2
-1 -1 0 0 0 1
5 -2
1 3 0 0 0 2 1
-1
-1 -1 1
0 0 1
1 0 1
1 0 1
2 0 1
2 0 1
1 0 1
-1
-2
-2
-2
-2
-1
-1
-1
-2
-2
-2
-2
-2
-2
-2
-1
-1
-1
-1






-1
-1
-1
-1
-1
-1
-1
-1



-1
-2
-2
-1 -1 0 0 0 1
5 -2
0 2 0 0 0 2 1
-2
-2
-2 0 0 0 -1
-1 0 1
0 0 1
0 0 1

-1
-1
-2
-2
-2
-1
-1
-1
-1
-1
-2
-2
-2
-2
-1
-1
-1
-1
-1







-1
-1
-1
-1
-1
-1
-1
-1
-1
-1
-1
-1
-2
-1
0 -1 0 0 0 1
4 -1 0 0 0 -1
0 1 0 0 1 1
-1
-1
-2
-2
-1
-1
-1
-1
-2
-2
-2
-2
-1
-1
-1
-1
-2
-2
-2
-2
-1
-1
-1
-1
-1
-1










-1

0 1
-1
-2
-1 -1
-1
-1
-2
-1
-2
0 -2
3 1 1 0 -1 -1
-1
-1
-2
-2
-2
-1
-1
-1
-1
-2
-2
-2
-2 1
-1
-1
-1
-2
-2
-2
-2
-1
-1
-1
-1
-1
-1
-1







