33 50 Cr





1
1
1
1
1
1
1
1
1
1
2
3
3
3
2
2
2 0 -1
2 0 -1
2 0 -1
1
1 0 -1
1






1
1
1
1
1
1
1
1
1
1
1











1
1
1
1
1
1 1 1
1 -1
1
1
1 -1
2
2
2
2
1
2 -1
3
3
4
3 1
2
1
0 1






1
1
1
1
1



0 -1 1
1
1










1
1


1
5 -7 -5 0 4 2 0 0 0 0 0 0 -1
17 2 -11 -2 1 -1 0 0 -1 0 0 0 1
6 6 -6 1 -4 1
1
1
2 -1
3
3
2
1
2 -1
3 -1
4
4
4 0 -1
3 1 -1
2 1
1







1
1
1
1

-1
-1


1













1
1
18 -12 -4 0 -3 -5 0 3 1
20 1 2 1 0 2 0 1
21 4 -1 -1 5 -4 1 -1 1 0 0 0 1
3 3 -2 0 -2 2 1 -1
1
2 -1
3
3
3
1
1
3 -1
4 -1
5
5
4 1
3
2 1
1







1
1
1

-1



1
1
1












3 -5 -2 1 3 4 -1 -2 -1 0 0 0 0 1
23 3 0 0 -1 -2 -1 -3 -1 0 0 0 -1 -1
19 0 -1
20 -2 1 1 -1 1
10 11 -3 0 -1 2 0 1 -1
1
2
3
3
2 1
1
1
2 -1
3
5 -1
6 0 -1
5
4 1
3 1 -1
1







1
1
1

-1
-1


1
1
1
1
1
1



0 1 1 0 -1 0 0 1
2 0 -2 2 0 -1 0 1 0 -2 1 0 -1
1

1
1
13 -16 -4 0 1 2 1 3 1 0 0 0 0 -1
24 2 -1 0 1 1
21 -1 0 0 1 0 0 0 -1
22 0 -2
18 9 -3 0 1 -3 -1 1 0 0 0 0 0 0 0 0 -1
2 1 0 0 -1 1 0 -1
2
3
3
2 0 0 0 1
5 -4 -6 3 4 1 0 -1 -2 -1 1 1
11 1 -10 2 -4 -1 0 2 1 -1 -1 1
13 0 -6 -2 4 -5 1 2 -1 -1 0 0 0 -1 0 0 0 1
3 0 0 0 -1 1 0 -1
5 -1
6
6
6
4
3 1 -1
2 0 -1
1 0 -1
1




1
1
2
1



1
1
1
1
1
1
1



-3 3 3 0 -2 3 -4 -1 1 0 0 0 0 1 1
22 1 -1 -2 3 -1 -1 0 0 0 -1 0 -1 0 -1
13 8 -9 0 0 -1 0 2 -2 -1 0 -1
1 1 0 0 -1 1 0 -1 1

1 -1 0 0 0 1
23 -10 -3 0 -3 -6 -1 -1 0 0 0 0 0 1 0 0 1
25 5 4 -2 -5 -1 0 1 0 -1 0 1 2 1 0 0 0 -1 -1
23 -4 -5 0 -3 -1 1 1 1 1 0 1 2 2 0 0 1 1 1
26
25 4 -2 0 2 -3 1 -1
5 5 -2 0 -1 2 0 1
2 -1
3
4 -3 -2 1 3 1 0 -1 -1
17 -6 -11 -1 0 -1 0 1 3 0 0 0 -1
26 -1 1 -1 -3 -1 0 -1 -3 -1 -1 -1 -1
29 0 0 -1 3 -2 0 0 0 0 0 0 1
19 -5 -1 1 -3 7 2 -3 1 0 0 0 -1 1
6 7 -2 0 -3 5 2 -1 0 0 0 0 0 0 1
4 -1
6 0 1
6
6
5
4 1
3 0 -1
3
2
1




1
1
1
1
1
1
1
1
1
1
1
1
2



-10 10 2 0 -1 5 -3 0 0 0 0 0 0 -1 0 0 1
17 -5 1 0 1 -7 -3 2 0 0 0 0 0 0 -1
22 -2 1 0 2 -1 0 -1 1
11 10 -7 0 -1 1 0 2 -1 -1
1
3 -4 -1 0 1 3 -1 -1
25 0 2 -1 -3 -3 0 1 1 0 0 0 -1 -1 -1
15 -5 1 2 8 8 0 3 2 0 0 0 -1 -1 0 0 0 0 0 0 0 0 0 0 -1
26 1
26
26 1
10 9 -2 0 -1 1 2 0 0 0 0 0 0 0 1
0 1 3 -1 -2 0 0 0 1
1 -3 0 1 5 3 0 -2 -3 0 0 0 0 0 0 0 0 0 0 0 0 0 0 0 -1
22 -10 -9 -2 -4 -2 -1 1 1 -1
27 4 2 0 0 0 0 -1
24 0 -1
28 -3 -1 0 -1
24 7 -2 0 -1 5 -2 3
9 16 1 -1 -3 6 1 1 0 0 0 0 0 0 -1
1 -3 3 -1 3 -1 0 1 -1 1
5
5
5
5
5
4
4
3
2 1
1 1 -1



1
1
1
1
1
2
2
1
1
1
1
1
2



-13 13 1 0 -1 4 -1 0 0 0 0 0 0 0 -1
14 -17 3 0 4 -13 -2 0 0 0 0 0 0 -1
21 -1 -1 0 -1 1
24 1 -1 0 3 -3 0 0 1 -1
8 9 -6 0 -4 2 0 1 -1 0 0 0 -1 1
5 -8 -1 0 1 6 -2
20 8 2 0 0 -6 2 0 0 0 0 0 0 0 0 0 -1
19 -11 -1 0 -2 -4 1 2 0 0 0 0 1 1
26 1
24 1 1 -1 -1 0 0 0 1 1 0 -1
25
17 5 -5 0 5 3 1 0 -1 1 0 -1 -1 -1 -1 0 0 1 1
11 3 -14 0 3 -4 1 2 0 0 0 0 -2 0 0 0 0 -1 0 0 0 0 0 1
16 -14 -10 -2 -6 -2 0 -1 0 0 0 1 0 0 0 0 0 1 1 0 0 0 0 0 1
31 1 0 0 0 -2 0 0 -1
27 1 -2
27 -1 -2
31 -1 -2
28 8 -2 0 0 -3 -1 0 0 0 0 0 0 0 1
10 20 -2 0 1 0 0 0 0 0 0 0 0 1 -2
-17 -2 4 3 -4 1 0 0 -1 1 0 0 -1
-2 -7 6 0 4 -2 0 0 1 0 0 0 1
4
4
4
5
4
4
4
3
2 1
1 1

1
1
1
1
1
2
2
2
2
1
1
2
1
2



-14 13 0 0 0 4 -1 0 0 0 0 0 0 0 -1
5 -29 4 -1 1 -5 2 -4 0 0 0 0 1 -1
25 1 -1
25 -1
23 5 -4 -1 4 -3 1 -1 1
8 -7 -2 0 -3 9 0 -1 2 0 0 -1 0 -1
17 7 1 0 0 -8 0 1 0 0 0 0 0 1 2
17 -2 2 0 -2 -3 -2 -2 -1 0 0 0 0 -1 -1
25 -3 -1 0 3 -1 -1 0 0 0 0 0 -1
21 11 0 0 0 1 -3 -4 -2 0 0 0 0 1 1 0 0 1
24 0 0 1 1 1 0 -1 -1 0 0 0 1 1
22 6 0 0 0 1 -2 -5 -2 0 0 0 -1 1 1 0 0 1 0 0 0 0 0 0 1
32 0 -1 0 -1 0 -1
28 1 -2 0 -2 3 0 0 -1 0 0 0 -1 1
33 -1 -1 0 1 -1
30 2 2 -3 -3 0 0 0 2 2 -1 -1 0 0 0 0 0 0 0 1 1
32 -3 0 -2 2 -1 0 1 -2 1 -1 1 -1 0 0 0 0 0 0 -1
35 -1 -1 -1
29 6 1 0 1 0 -1 -1
15 17 0 0 1 0 -2 0 0 0 0 0 0 0 -1
-16 1 -1 -1 -1 1 1
-14 -6 2 0 -2 4 -1 0 -1 0 0 0 0 1
7 -3 -6 4 3 -1 -1 0 -1 -2 1 0 0 0 0 0 0 0 0 1
10 1 -10 4 -1 -1 0 1 1 0 -1
5 2 -2 1 -2 0 0 0 1
3
3
4
4 0 1
3
2 1
1
1
1
1
1
1
1
2
2
2
2
2
2
1 1 1
1 0 1
1



-13 14 -1 0 0 3 -2 1 0 0 0 0 0 0 -1
-10 -22 7 0 -6 11 -1 -1 1 0 0 0 -1 2 0 0 -1
27 1 -1
26
25
12 12 -3 0 -1 5 -4 4 -1 0 0 0 0 0 2 -1 0 1
16 7 0 0 1 -9 -1 0 -1 0 0 0 1 0 2
10 1 2 1 -1 1 0 -1
29 -6 -3 0 -4 -5 -2 -2 1 0 0 0 1 1 0 0 1 1
20 -3 2 0 4 13 2 2 0 0 0 0 -1 -2 -1 0 0 -1
28 -4 -1 0 -1 0 1 1 0 0 0 0 1
24 -4 -1 0 3 10 0 0 0 0 0 0 0 -2 -1
33 2 0 0 0 1 0 -1
30 4 0 0 -1 -1 -1 1
28 0 3 0 0 -1 0 0 0 1 0 -1 -1
26 -2 -3 -2 1 0 0 0 1 -2 -1
27 0 -3 -1 -3 0 1 1 -4 -1 -1 -1 1 0 0 0 0 0 0 -1 0 0 0 0 1
29 -1 4 0 2 -1 -1 1 -1 0 0 0 0 1
26 2 1 0 0 1 0 1 1
12 13 3 -1 3 0 -1 -1 -2 1 0 1
-8 -2 -12 4 2 4 -1 -2 1 1 -1 -1 -1 1 1 0 0 0 1
18 -10 -18 -6 -8 -1 -1 2 1 -1 0 2 3 0 0 0 0 0 1 1
29 -1 0 -1 -1 0 0 0 -1 -1 -1 -1
32 -1 1 0 1 0 0 0 1
21 14 -5 -2 0 1 -2 1 -1 -1 0 0 0 1
3 1
2
2 0 1
2
2 0 1
1
1
1
1
1
1
1
1
2
2
2
2
2
1 1
0 1 1
-1
-1



-10 14 -2 0 1 -2 -2 2 0 0 0 0 0 -1 0 0 -1
-22 -2 2 1 -3 3 -1 2 -1 0 0 0 1 -1 1 0 1
20 -12 6 -1 7 -10 -3 3 -1 1 0 0 0 0 -1 0 -1 1
25 0 1
24 1 1
19 6 -3 0 4 -4 1 -1 0 0 0 0 1 0 0 0 1
17 1 -1 0 1 -3 -2 -1 0 0 0 0 0 0 1
17 -1 -9 2 -1 -1 3 5 2 1 0 -1 1 -1 0 1 1 -2 -1
29 0 2 0 0 -3 0 3 1 0 0 0 0 0 -2 0 1
21 -10 -1 0 0 -4 2 2 0 0 0 0 1 1 1
23 2 1 2 1 -1 0 -2 -2 1 0 -1 0 1 0 0 0 1 2
26 -10 -2 -1 -3 2 4 0 0 0 1 1 0 -1 0 -1 -1 0 1 1 1 0 1 0 1
31 1 2 0 1 1 1
28 4 1 0 2 -1 -1 -1 -1 0 0 0 1
25 -1 -1 0 1 1 0 0 0 0 0 0 -1 -1
30 -2 -1
33 -1 -2
24 3 1 0 -4 3 2 -2 -1 -1 0 0 0 0 0 0 0 0 -1
22 0 -6 2 4 1 0 1 4 1 0 -1 -1 0 0 0 0 0 -1
26 -2 -4 -4 -3 0 0 -1 -1 -2 -1 0 0 0 0 0 0 0 0 1
24 9 -7 -2 3 -6 1 1 -1 -1 -1 -1 1 -1
27 -6 1 1 1 -6 -2 0 1 0 0 0 1 0 -1
29
31 -1
22 15 2 0 -1 -2 0 0 0 0 0 0 0 0 -1
2
2
2
2
2
1
2
2
1
1
1
1
1
2
2
2
2
1 0 1
0 1 1
-1
-1
-1



-4 8 -2 0 3 -6 2 -1 0 0 0 0 0 0 0 0 1
-23 1
-4 -24 11 0 -5 4 0 -5 2 1 0 0 -2 2 0 0 0 -1
23 1 1
21 0 1
22
24 -4 -3 -1 -1 0 1 0 0 0 0 0 0 0 1
28 2 -1 0 1 -4 2 -1 1 0 0 0 0 0 -1 1
26 3 1 0 0 -11 1 0 0 0 0 0 0 0 -2 -1
25 -6 -2 0 -2 -8 -2 0 0 0 0 0 0 0 -1 0 1
27 -3 -2 0 1 1 0 1 0 0 0 0 -1
25 -4 2 0 -1 -1 2 0 0 0 0 0 1 1 2 1
27 -2 -1 2 2 -1 0 1 0 0 0 -1
25 -2 -1 0 0 1 2 0 0 1 0 1 1 -1 1 0 -1 0 0 0 0 0 0 0 -1
25 -1 5 -5 -2 2 0 -2 1 3 -1 0 1
25 2 10 -2 -1 1 0 -1 -5 -3 1 3 1 0 0 0 0 0 1 -1 0 0 0 -1
25 -6 11 0 1 3 0 -3 5 -3 0 -3 1 1 0 0 0 -1 1 0 0 0 0 -1
26 3 3 -2 0 6 1 1 0 0 0 0 1 1 0 0 -1 -1
29 -1 -1 1 0 -1 0 1 1 1
28 2 -4 -2 2 -2 1 0 0 -1 0 0 1 -1 0 0 0 0 1
30 -1 1 0 1 -5 0 0 0 0 0 0 0 0 -1
29 -3 -1 0 -1 -3 -1 -1
30 0 -1
32 -1
16 17 1 0 0 2 0 -1
2
2
2
2
2
1
2
1
1
1
1
1
1
1
2
2
1
0 1
-1 1
-2
-2
-2
1


0 0 0 0 1 0 0 -1
-17 9 -5 1 -5 5 1 -1 1 -1 1 -1 0 0 0 0 1 -1
-22 -1 1 1 -1 1 -1 1 -1 0 0 -1 1 -1
12 -15 9 0 8 -8 -1 1 1 0 0 0 2 -1 0 0 -1 1
19 1
23 -3 -1 0 0 0 0 1
28 -2
29 4 0 0 -1 -5 2 1 0 0 0 0 0 0 -1
25 2 0 -1 2 -7 1 -3 -1 0 0 0 1 -1 0 0 -2
28 1 0 -1 -1 -5 0 -1 0 0 0 0 0 -1 -1
31 0 0 -1 -2 -2 0 0 -1
22 -6 -2 1 1 -1 0 1 0 0 0 0 -1 0 1
30 2 1 -1 -1 -1 0 1
22 2 2 -2 -2 0 1 -1 2 1 -1 0 0 1 1 0 1 1 -1 1 1
20 5 -4 1 2 -1 -1 0 1 -1 -1 0 -2 -1 0 0 0 0 -1 -1
18 1 -1 -2 -5 1 -2 1 -4 1 1 -1 -1 1 1 -1 0 1 -1 0 1 0 0 0 1
22 5 -3 -2 2 -2 1 0 1 1 -1 -1 0 -1 0 0 0 0 1 0 0 0 0 0 -1
11 -3 17 -9 6 4 3 -8 -1 7 -2 1 4 -2 -2 0 2 0 1 0 1 0 0 -1 0 1 0 0 0 0 0 0 0 1
26 -4 3 0 3 -3 -2 2 0 0 0 0 0 1 -1
31 -2 0 0 0 -2 1
29 -3 0 0 0 -4 0 0 0 0 0 0 0 0 -1
32 -1 -1 0 0 -1
33 0 -1
34 -1 -1
15 17 0 0 0 3 -1 0 0 0 0 0 0 0 1
2
2
2
2
2
2
2
1
1
1
1
1
2
1
1
1
1
-1 1
-2
-2
-2
-1



-4 4 4 1 -5 3 -3 3 -1 0 0 0 -1 -1 1 0 -1 1
19 3 -7 -6 17 -10 -1 0 2 -1 0 0 1 0 -1 0 0 0 1 -1 0 0 0 1 -1 1
-16 11 -10 4 -11 5 1 -3 4 -1 0 0 0 0 0 0 0 -1 1 0 0 0 0 -1 1
-12 -18 8 0 -7 9 -1 0 1 1 0 0 -3 2 0 0 -1 1
19 0 0 0 1 1 0 -1
26 -1 -1 0 -1
28 0 -2 0 1 -1
28 3 0 0 -1 -4 0 -1 1
25 1 -1 0 -1 2 -1 1 0 0 0 0 0 2 0 0 0 1 0 0 0 0 0 0 0 1
28 3 0 0 0 -4 0 0 0 0 0 0 0 0 1
30 0 0 0 2 0 0 -1
26 3 -1 0 -1 -1 0 -2 -2 0 0 -1 -1 -1
20 -1 0 3 -1 3 -2 0 0 2 1 1 -1 1 1 0 -1 0 -1 1
19 5 -2 -1 0 0 1 0 -1 -1 0 1 0 1
24 2 -1 0 -3 -1 -1 -2 -1 0 0 0 0 -1 -1 0 -1
14 6 2 -1 1 -3 2 -1 -1 1 -1 0 1 0 0 0 0 0 0 0 1
-22 12 10 11 2 -1 2 -6 5 6 1 1 -3 0 1 0 0 0 -1 -1 1 0 0 0 1
-25 -10 -10 0 8 3 -3 -4 -4 -4 2 -2 -4 -1 0 0 1 4 2 1 0 0 0 1 1
22 -7 1 -1 -1 -7 -3 -1 -1 0 0 -1 0 0 -1
24 3 2 4 -4 -2 1 3 -1 3 0 2 -2 0 0 0 0 1 -1 1 -1
28 -1 1 -1 0 -5 -2 0 0 0 0 0 0 1
29 -1 2
31 -1 2
32 0 2 0 0 1
14 13 -1 2 3 5 -1 0 -1 -1 0 1
8 -1 -8 2 0 0 0 0 1 0 0 -1
11 -2 -11 1 1 0 0 0 0 1 1 1
14 -1 -12 0 0 0 0 0 0 -1 0 0 0 0 0 0 0 0 0 0 1
14 1 -11 1 0 0 0 0 0 -1
9 3 -9 2 -2 -1 0 0 0 -1 1
2 1 -1 0 -1
2
1
1
1
1
1
1
1
1
1

-1
-1
-1
-1
-1



-9 11 2 0 0 -1 -2 -2 0 0 0 0 0 1
0 -20 12 1 -5 3 0 -4 2 1 0 0 -1 1
21 6 -7 -4 9 -5 1 -3 5 -1 0 2 -1 1 0 0 0 -1 1 0 0 0 0 0 -1
-13 12 -12 3 -11 5 0 -2 1 0 0 1 -2 1 0 0 0 -2 2 0 0 0 0 0 1
9 -18 8 0 6 -6 -2 0 2 1 0 0 2 -3 1 0 -1 1
29 -1 -1
31 -1 -1
27 6 1 0 0 0 -1 -1
26 2 0 0 0 -4 0 0 0 0 0 0 1 -1 0 0 1
28 3 0 0 1 -5 0 1 0 0 0 0 -1 0 0 0 1
30 -2 0 0 0 -1 0 1 1
26 3
19 3 4 -2 -3 4 -1 1 0 0 0 1 -1 -2 -2 1 0 0 0 -1 1 0 0 0 0 1
20 -1 3 0 1 2 -1 2 -2 0 -1 2 -1 -1 0 0 1
21 1 -2 1 3 0 0 1 3 0 0 1 0 0 0 0 0 0 -1
15 7 -5 -1 0 -2 0 2 -1 -1 0 -1 0 -1
-6 -2 -11 -1 4 6 4 1 0 -2 0 0 1 -1 1 0 0 -1
15 -8 -9 -4 -7 -8 2 -1 -1 -2 0 0 1 0 -1 0 1 1 1 0 0 0 0 0 0 1 0 -1
21 -4 1 -1 -3 -6 -1 2 2 0 0 0 -1 -1 -1
18 0 -4 2 3 -1 0 0 1 1 1 -1 0 3 1 0 0 0 -1 0 0 0 0 0 0 -1
23 0 2 -1 -1 -3 -1 -1 0 0 0 0 -1 -2 -1
15 -5 4 1 4 8 0 3 0 0 0 -1 -2 -1 -1 0 -1 -1 -1
26 -1 2
28 -1 1
25 0 -2 -1 1 0 0 1 1
23 1 0 -1 0 1 1 0 0 0 -1
23 -1 0 0 0 1
26
27 -1
29 1 -1 -1 -1 -3 1 1 1 0 0 0 0 0 -1
5 5 0 -1 1 3 1 0 -1
2
2
1
1
1
2
2
2
2
1

-1
-1
-1
-1
-1
1
1

-10 11 0 0 0 4 -2 0 0 0 0 0 0 0 -1
-14 0 -1 1 -1 0 -1 1 -1 0 0 0 1 -1 0 0 0 -1
8 -17 13 -1 3 -3 0 -4 4 1 0 -1 1 0 0 0 0 0 0 0 0 0 0 0 -1
19 9 -7 -2 8 -6 2 -4 3 0 0 0 0 1 0 0 0 -1 1 0 0 0 0 0 -1 1
-3 -13 0 2 -9 8 2 -3 3 0 0 -1 0 0 1 0 -1 1
29 -3 2 0 1 -1
31 0 1
26 5 0 0 1 3 -1
29 -1
27 -2 0 0 -1 -4 2 -3 0 0 0 0 0 -2 0 0 -1
30 0 1 0 1
29 0 -2 -3 -1 -1 0 1 3 1 -1 1 0 0 0 0 0 0 0 1
28 2 2 -1 -1 0 0 0 0 -1 -1
20 5 -2 -2 1 0 0 1 -2 -1 0 -2 2 0 0 0 0 0 1 -1
19 -5 6 1 1 -3 1 -1 2 -1 0 1 2 -1 1 0 -1 0 0 -1 0 0 0 0 1
18 2 -1 3 3 -1 1 -1 0 1 1 -1 0 0 0 0 0 0 -1 -2
15 -2 -6 2 -2 0 0 1 1 -1 -1 -1 0 0 1 0 0 0 1
16 2 -2 2 1 -1 0 -1 0 3 2 0 -1 1
17 -2 -3 3 -2 -1 0 -2 2 2 0 1 -3 1 1 0 1 0 0 1 0 0 0 0 -1 1
25 -3 -1 0 -2 -1 0 2 1 0 0 0 0 -1
15 5 2 1 2 1 0 -2 -1 0 0 0 -1 0 0 0 0 1
17 -5 -2 0 -1 1 0 0 0 -1
24 -1 -3 2 0 -1 0 1 0 -1
26 0 -3 2 0 -1 1 -1 0 0 -1 -1
25 0 -3 4 -2 -1 0 0 0 -1 -1 2 0 0 0 0 0 0 0 0 1
21 0 3 -1 1 2 0 -1 1 -1 1 -2 2 0 0 0 0 0 -1 1
25 -1 0 -1 -1 -1 0 1
26 0 1 0 0 1 0 0 0 -1 1
29 -2 0 0 0 0 0 0 1 -1 0 -1
23 13 4 0 -3 -4 0 -2 -1 0 0 0 1 1
3 0 0 0 1
2
2
2
2
2
2
2
2
1
1
-1
-1
-1
-1
-1
-1

1

-8 12 -2 0 0 -1 -2 2 0 0 0 0 0 -1
-14 -2 1 0 0 -1
-14 1 1 1 -3 2 0 2 -3 0 0 -1 1 -1
8 -17 13 0 5 -2 0 -3 3 0 0 0 1 -1 0 0 0 -1
4 19 -4 0 -2 2 -2 7 -2 0 0 0 0 0 0 0 -1 2
18 -12 6 -1 4 -7 -1 1 0 1 0 0 1 0 -1
26 -1 2
25 0 1 0 1 3
29 -1
27 2 0 0 0 2 1 0 -1 0 0 1 0 1 -1 0 -1 1
26 0 4 1 -2 1 0 0 2 -4 1 1 -1 0 0 0 0 0 0 -1
33 -3 2 -3 5 -4 0 1 -2 0 0 1 -1
22 5 0 0 -5 3 0 -1 -1 0 0 0 -3 1 0 0 0 0 0 0 0 0 0 0 -1
25 0 -3 -1 0 -1 0 0 -1 0 0 0 0 0 -1
23 -4 -6 0 -1 1 1 0 1 0 0 0 -1 1 1 0 0 0 0 -1
29 3 0 -1 -2 -1 -1 -1 -2 -1 -1 -1 -1 0 0 0 0 0 -1 -1
22 1 0 0 1
22 0 -2 0 0 1
23 0 -2 -1 0 3 -2 0 -1
23 5 3 0 -2 -3 -1 -2 -1 0 0 0 0 0 -1
20 -1 -5 0 -2 -2 0 0 0 0 0 0 1 1 0 0 1 1
25 -5 0 -2 -1 1 1 -1 -2 1 -1 1 1 -1 1 -1 0 1 0 -1 0 0 0 0 -1
30 2 1 0 1 0 -1 0 0 1
30 0 -2 0 0 -2 0 0 0 0 0 0 0 0 -1
30 -1 -1 -1 -1 0 1 0 0 0 0 0 1 0 0 0 0 -1
22 7 0 0 3 5 -3 -1 0 -1 -1 0 1 -2 1 0 0 1 1
25 -1 -1 0 0 -2 -1 1 1
22 5 1 2 -4 -2 0 3 -3 1 -1 1 -1 -1 -1 0 0 1 -1 1
27 -1 3 -2 1 -3 -1 3 -1 0 0 -1 -1 1 -1 -1 1
11 10 5 1 4 4 1 0 0 0 0 0 -1
3
3 1
2
2
2
2
2
2
2
1
0 1
-1
-1
-1
-1
-1
-1

1
1
-2 7 -3 0 3 -5 1 -1 -1 0 0 0 1
-16 -2 1
-14 0 1
-15 -3 3 1 -5 4 -1 2 -2 0 0 -1
10 -2 4 -3 9 -9 0 0 1 0 0 1 -1 1 -1 0 -1 1
0 -12 5 1 -9 7 0 -5 3 0 0 0 -2 2 1 0 0 -1 2
21 -1 2
23 -1 1 0 0 2
27 0 2 0 1 0 0 -1 -1 0 0 0 1
29 -1 -1 -1 0 0 0 0 1
31 0 -2 -1 0 -1 0 0 -1
27 -6 -3 1 -4 4 4 0 0 1 0 0 -1 2 1 0 1
26 6 -1 -1 2
25 -6 2 0 -1 -1 0 -3 1 1 0 1 0 -1 0 0 0 -1
31 0 -1 0 -1 -1 -1
28 2 0 0 1
26 0 -3 0 1 1 0 0 0 1
29 -1 -3 -1 0 -1 0 -1
24 3 -1 0 -1 2 1
24 -4 -5 0 2 0 0 3 2 0 0 0 -1 -1 0 0 0 -1
20 6 4 0 3 1 0 -2 -3 1 0 -1 -1 0 0 0 0 1 1 0 0 0 0 0 1
24 -10 -5 -1 -2 -3 0 1 -1 0 0 0 0 1 1
31 -1 -2 0 0 0 0 0 0 0 0 0 -1
34
31 3 0 -1 -2 -2 0 1 0 1 0 0 0 0 0 0 0 0 -1
27 -3 -4 -1 -1 -1 0 2 2 0 0 0 1 1
28 2 -1 0 1 -1 0 -1
23 7 -1 0 0 -7 3 0 0 0 0 0 0 0 -1
14 5 5 0 -2 -6 -3 -3 -1 1 0 0 0 -1 -1 0 0 1
4 1 1 0 1 1
3
2 1
2
2
3
3
3
3
2 1
1 1
0 1
-1
-1
-1
-1
-1
-1
2
2 0 -1
2 0 -1
2 1 0 0 0 -1
-16 5 -1 -1 -1 4 2 0 -2 0 0 0 0 0 1
-17 -1 1
-17 1 1 0 1
-12 -9 8 2 -7 3 0 0 0 0 0 1 -2 1 0 0 0 1 -1
2 5 -2 -3 6 -5 -1 1 -2 1 0 1 -2 1 0 0 0 -1 1 0 0 0 0 0 -1
7 -10 8 1 0 0 0 -4 4 0 0 0 2 -1 0 0 0 -1 1 0 0 0 0 0 1
21 -3 0 0 2 1 0 0 -1
27 -1 0 -1 -3 -1 0 0 0 0 0 0 1
24 1 3
26 -2 2
28 0 1 0 1 2
28 3 0 0 0 -2
18 2 3 0 -3 2 -1 1 0 0 0 0 0 -1
30 1 1 0 1 0 0 0 -1 0 0 0 -1
29
30 -1
32 0 0 0 0 -1
25 2 -1 0 1 3 0 1 1 0 0 0 -1 -1
23 3 2 1 4 -1 0 -2 -1 0 0 -1 -3 0 0 0 0 0 0 0 0 0 0 0 1
23 -1 -3 0 0 -1 0 0 -1 -1
30 -3 1 -1 -1 -2 -1 -1 0 0 0 1
32 0 1 1 0 0 0 0 0 -1 -1 -1 0 0 0 0 0 0 0 1
31 1 -1 1 1 0 0 0 0 3 1 -1 0 0 0 0 0 0 0 -1 -1
21 1 4 3 -3 9 -1 -5 5 1 0 2 -1 1 0 0 0 -2 1 -1 0 0 0 0 0 0 0 0 0 0 0 0 1
30 1 0 0 1
28 1 0 0 0 -1
21 9 1 0 -1 -6 0 -1 0 0 0 0 0 2 1
5 2 1 0 1 1
4
3
3
3
3 0 -1
3
3
3
3
3 1
2
1 1
-1
-1
-1
-1
-1
-1
2
2
3
-1 5 3 0 -2 -2 1
-14 0 -2 0 1 1 1 1 1
-17 1 -2 0 -1
-19 0 0 1
-19
-11 -10 8 1 -6 2 0 -1 1 0 0 1 -3 1 0 0 0 1 -1
4 4 -1 -2 1 -2 -1 1 -2 0 0 1 -1 1 0 0 1 -1 1
16 -16 1 2 1 -4 1 1 2 1 0 1 0 -1 0 0 -1 -1
22 2 2
20 -1 1
23 -1
27 -2 0 0 0 2 -1
27 4 0 0 0 -2
17 3 -1 0 1
24 -7 3 0 0 -6 -1 -1 1 1 0 0 0 -2 0 0 -1
27 -1 1 2 2 0 0 0 -2 -1 0 0 0 0 0 0 0 0 1 1
28 0 -5 1 1 0 0 1 3 3 2 0 0 0 0 0 0 0 -1 -1 0 0 -1 -1
26 3 -6 -1 0 0 0 1 -2 2 2 -2 1 0 0 0 0 0 1 -1 2 1
22 -1 -3 4 2 2 0 -2 3 2 -1 -1 -1 0 0 0 0 -1 1 -1 -1 0 0 0 1
25 0 -6 0 0 1 0 0 0 4 3 1 0 0 0 0 0 0 0 0 0 -1 -1
26 -2 -3 2 -3 1 0 0 1 3 1 2 -2 1 0 0 0 0 0 1 0 0 0 1
31 0 1
31 0 1
28 3 2 1 0 0 0 -1 -2 0 0 1 1 0 0 0 0 0 0 0 0 0 0 0 -1
25 -3 -3 -2 -1 3 1 2 1 0 0 1 2 1 0 0 0 0 1 1
31 0 -1
29 2
17 12 2 0 -1 -1 -1 -1 0 0 0 0 0 -1 -1
4
3
3
3
3
3
4
4
4
4
3
2
1
0 0 -1
0 0 -1
-1
-1
-1
-1
2
2
2 3 2 -1 -2 -2 0 1 1
-10 4 4 1 3 1
-13
-13 0 -1 0 1
-14 1 -2
-16 1 -2
-17 0 -2
-6 -12 5 1 0 0 0 -5 2 0 0 1 -1 1 0 0 0 -1 0 0 0 0 0 0 -1
10 -6 9 -6 -7 -1 1 -3 3 4 -1 -2 1 0 0 0 1 0 0 1
14 -1 10 -6 2 0 0 0 -2 4 -2 1 0 0 0 0 0 0 0 0 1
19 -2 1 -1 2 -1 0 0 -1 1 -1 1
23 -1
26 -3
26 4 1 0 0 -1
21 -2 -3 1 2 1
28 -3 -6 -1 -2 0 0 0 1 0 0 1
32 -1 0 -1 -1
31 1 2 -1 -1
27 3 3
25 0 1 1 1 -1 0 0 0 0 0 0 1 -1 0 0 1 -1
30 0 2 -1 0 -1 -1 1 -1 0 0 0 0 1 0 0 1
30 1 1 0 1
29
27 1 1 1 2 0 0 0 -1 0 0 -1 -1 0 0 0 0 0 1
25 0 4 -3 -1 0 0 -2 -2 2 -1 1 1 0 0 0 0 0 -1 0 1
26 -2 1 0 0 1
31 -1 0 0 0 -1
28 3 1 -1 -1 0 0 1 1 0 0 0 -1 -1
9 9 3 0 2 3
3
3
3
3
3
3
4
4
4
3
3
2
2
1
1

-1
-1
-1
3
3 0 -1
0 6 -1 0 1 -3 1
-12 0 -2 2 1 0 0 0 0 -1
-11 0 -2 1 0 0 0 0 0 -1
-11 0 -1 1 0 0 0 0 0 -1
-12 0 -2 2 1 0 0 0 -1 -1
-8 -1 -6 2 2 -1
-10 2 -5 2 -1 0 0 0 1 -1 1
-12 -3 0 1 -4 3 -1 2 -1 0 0 0 1 -1
-16 10 4 0 5 5 2 3 0 -1 0 -1 0 1
-24 0 1 1 -1 1 0 0 -1
-18 -5 9 5 -4 1 0 0 -3 3 1 -1
-2 -9 23 1 0 1 0 -2 6 -1 0 0 0 0 0 0 0 0 1
21 -6 8 -4 5 -3 0 1 -3 2 0 1
23 0 0 0 1
27 -3 0 0 -1
31 -1 -1
30 2 2 0 -1 -1
24 0 2 0 1 1
22 1 1 0 1 1
26 -2 0 0 0 -1 1 1
26 -1 0 0 -1 -1 -1 0 1
25 2 6 -3 -3 0 0 0 2 2 0 0 1 0 0 0 0 0 -1
20 2 8 2 2 0 0 0 -3 -4 1 1 0 0 0 0 0 0 1 1 0 0 -1 -1
17 2 -3 4 4 0 0 0 4 4 1 0 -1 0 0 0 0 0 -1 -1
19 -3 -7 -4 -4 0 0 1 -1 -2 0 0 1 0 0 0 0 0 1
25 -3
31 -1 0 0 0 -1
21 11 5 -1 -2 -3 0 -1 -1 1
4 1 1 0 1 1 0 1 1
3
3
2
2
3
3
4
3
3
3
2
2
1
1



-1
-1
3
3 0 1
2 0 0 0 1
2 -1 -2 -1 -1 0 0 0 0 -1
1 1 -2 -1 1 0 0 0 0 -1
1 0 -3 -1 0 0 0 0 0 -1
1 0 -2 -1 0 0 0 0 0 -1
2
2
2 0 -1 -1 0 0 0 0 0 -1 -1
-16 9 0 0 0 6 3 -1 0 0 0 0 0 0 1
-24 0 -1
-24 -1 -1
-20 -2 -2 -1 1 0 0 0 1
-13 -6 4 3 -7 2 -1 1 -4 2 0 0 0 -1 0 0 0 0 -2
15 -13 11 -2 8 -4 0 0 0 0 0 -1 2 -1 0 0 0 1 -1
27 -2 1
29 0 2
25 3 1 0 1 1
22 1 0 0 0 0 0 -1
24 -2 -2
28 1 -1 -1 -1 -1 0 -1
23 2 1 1 2 1 0 0 -1 1 0 -1 0 0 0 0 0 0 1
23 -1 -3 -2 -2 0 0 0 -1 -1 -1 0 0 0 0 0 0 0 1
24 0 -1
23 1 0 0 -1
21 -1 1 0 1 1
26 -2 0 0 0 0 0 0 1
26 3 4 1 0 -2 1 -1 -3 -1
10 4 -4 6 3 2 0 1 1 -2 1
7 0 -6 4 0 0 0 0 0 -3 1
6 0 -6 4 0 0 0 0 0 -3 1 0 0 0 0 0 0 0 0 0 -1
4 1 -2 2 -1 0 0 0 1 -2 1 0 0 0 0 0 0 0 0 0 -1
3 0 -1
3
3
3
3
3
3
2
2
1
1



-1
-1
-1
3
2
2
2
2
2
3
3
2
2
-14 11 -1 0 -1 7 2 0 0 0 0 0 0 1
-21 0 -1
-19 -1 -2
-15 -1 -1 0 -1 -1
-16 0 0 0 -1 1
-12 -5 5 2 -6 3 -1 4 -3 0 0 0 1 -1 0 0 0 1 -1 0 0 0 0 0 1
20 -5 7 -1 4 -7 -2 4 -3 0 0 1 0 2 -1
23 0 3 0 1
22 0 1
24 -3 -2 0 0 1 0 1 1
26 2 4 -2 -4 -1 0 0 1 1 -1 0 1
23 1 2 2 2 1 0 0 -1 0 0 0 0 1 0 0 0 1 1
24 0 0 0 0 -1
24
24
22 2 1 0 0 -1
20 -2 1 0 0 0 0 0 -1 -1
23 -1 -1 1 1 0 0 0 1 1
26 -1 -1
28 -1 -1
29 0 -1
28
28 0 0 -1 0 0 0 0 0 -1 -1
27 1 -2 -3 2 0 0 -1 1 -2 -1
13 13 -5 -3 -4 2 -1 0 -2 1 -1 0 0 1 0 0 0 0 -1
3
3
3
3
3
2
2
1

-1
-1 0 1
-1
-1
-1
-1
3
3
2
2
3
3
3
3
3
3
-8 12 -4 0 1 0 -1 3 -1 0 0 0 0 0 0 0 -1 1
-17 -1 -2
-15 -1 -1
-14 0 -1
-15 1
-17 0 1 0 -1
0 -18 7 1 -1 -5 2 -3 0 0 0 0 -1 -1 1 0 0 -1
17 -3 2 0 1
23 -2 1 -1 -1 -1 0 0 1
19 3 8 0 0 0 0 -2 -5 -1 0 1 1 0 0 0 0 0 1
18 -3 -4 1 1 2 0 3 3 1 0 1 2 0 0 0 0 0 0 0 0 0 0 0 -1
24 -1 0 0 -1
25
25 0 0 0 -1
24 1 1 0 -1
17 2 3 0 2 1 0 -1 -1
20 -3 -1
25 -1 -1
28 0 -1
29 -1 -1
30 0 0 0 -1
27 2 4 -3 -2 0 0 0 1 2 -1 -1 0 0 0 0 0 0 0 0 1
19 5 16 -9 -5 -1 0 0 1 3 0 2 1 0 0 0 0 0 -1 -1
6 1 16 4 7 1 1 -1 -4 -2 0 -2 -3 0 0 0 0 0 1 1
3 0 0 1 1 1 0 1 1 1 1 1 1
3
3
3
2 0 1
2
2
1

-1
-1
-1
-1
-1
-1
-2
3
2
2
2
3
2
2
3
2
3
2 2 0 -1 1 -1 1 -1 1 0 0 0 -1
-11 3 -4 0 -1 1 1 0 -1 0 0 0 -1
-12 0 -1
-13
-14 1 -1
-17 0 1 -1 0 2 -1 -1 1
1 -7 -2 -1 3 -3 0 0 -5 0 -1 -1 1 -1 0 0 0 0 -1
6 -3 4 3 -2 1 0 -1 1 0 0 -1 0 0 0 0 0 0 0 1 -1
13 -2 -1 0 3 0 0 1 3 2 1 1 0 0 0 0 0 0 -1
19 -2 0 -1 -2 0 0 0 -1 -1
22 -1 1
24 -1 1
25 0 1
21 4 5 -3 -4 -2 1 1 2 1 -1 -1 -1 0 0 0 0 0 0 1
2 8 20 0 0 2 0 -1 -5 -2 0 1 -1 -1 0 0 0 0 1 1
-3 0 19 4 -1 0 0 0 0 -3 -3
-3 0 21 7 0 0 0 0 -1 -2 -2
-4 0 20 9 0 0 0 0 0 1 -2 0 0 0 0 0 0 0 0 0 -1
-3 -1 21 9 0 0 0 0 0 1 -2 0 0 0 0 0 0 0 0 0 -1
-5 2 19 9 2 0 0 0 0 3 -1 -1 0 0 0 0 0 0 0 0 -1
-10 3 12 7 3 0 0 0 1 5 2
-14 1 2 3 3 0 0 0 0 1 2 1 1 0 0 0 0 0 0 0 1
-8 -5 -9 1 1 0 0 1 3 0 0 0 -1 0 0 0 0 0 -1
2 -2 -2 -1 -2 -1 0 -1 -1 -1 0 -1 -1
3
3
3
2
2
2
1
1

-1
-1
-1
-1
-1
-1
-2
2
2
2
2
2
2
3
3
3
3
-3 5 2 0 1 1 0 -2 -1
-5 -1 -1
-4 0 -3 -1 3 1 0 0 0 -1
-2 -1 -8 -3 0 0 0 0 1 0 1
-2 3 -3 -2 -2 -4 1 0 -1 -1 -1 -1
-18 3 0 0 0 4
-13 -3 3 2 -3 1 0 1 -1 1 0 -1 1
-3 -3 14 1 0 -1 0 -1 4 -2 -1 1 -1
3 -4 10 -5 1 1 0 0 -2 1 0 -2 0 0 0 0 0 0 -1 0 1
11 -2 6 0 0 0 0 0 0 1 -1 1
14 0 7 0 -1 0 0 0 1 -2 1
14 1 10 -1 -1 0 0 0 -1 -1 1 1
2 8 14 9 0 0 1 -1 -3 -4 -1 -2 -1 0 0 0 0 0 1 0 0 0 1
-15 5 5 5 4 1 0 1 4 2 2 1 0 0 0 0 0 0 0 1
-19 0 1
-19 0 1
-19 0 1
-19 0 0 1 1
-16 -2 -4 3 1 0 0 0 -1 -1 1
-12 -2 -9 4 1 0 0 0 1 -1 0 -1 0 0 0 0 0 0 0 1
-6 -3 -10 -1 -1 0 0 0 2 1 0 1
0 -2 -4 -2 -3 0 0 0 -2 -1
3
3
3
3
3
2
2
1
1


-1
-1
-1
-1
-1
-2
-2
2
2
2
2
2
2
2
2
3
-1 4 3 0 -2 -1 0 -1 -1 0 0 0 1
-6 -1 0 0 1
-4
1 -3 -2 0 -1 -1
3
0 4 0 0 0 -3 1
-19 5 0 0 0 3
-7 -2 -6 0 4 -7 -2 1 -1 0 0 -1 2 -1
-15 2 -2 1 -2 1 0 -1 1 -1 0 -1 1
-16 1
-16 -2 5 3 -3 0 0 0 -2 2 1 -1
-9 -3 13 4 -2 0 0 0 2 0 -1 1
-2 -2 13 -3 2 0 0 0 2 -1 1 -1 0 0 0 0 0 0 0 0 -1
2 -1 5 -4 2 -1 0 0 -1 2 -1 0 0 0 0 0 0 0 0 0 1
3 0 -1 -3 2 0 0 0 0 1 -1 1 0 0 0 0 0 0 0 0 -1
0 1 -6 -4 1 0 0 0 1 -2 -2
-1 0 -7 -5 0 0 0 0 0 -3 -1
0 -1 -6 -4 -1 0 0 0 0 -3 -1
2 -1 -3 -2 -1 0 0 0 -1 -2 -1 0 0 0 0 0 0 0 0 0 -1
3
3
2
2
3
3
3
3
2
2
1
1
1


-1 1
-1
-1
-1
-1
-2
-2
2
2
2
2
2
2
2
2
0 3 3 0 -2 -1
-7 0 0 1 2 1 0 1 1
-4 -1
-1 -3 -2 0 1 1 0 1 1
3
3
1 4 -1 0 0 -3 1
-19 5 0 0 0 2
-2 -9 0 0 0 -6 -1
1 3 -4 -2 4 -1 0 -1 2 -1
-8 4 -10 2 -1 0 0 1 -2 0 0 1 -1
-16 1 -2 1 -1 1 0 -1 1 -1 0 -1 1
-17 0 -1
-17 0 -1
-16
-15 -1 0 1
-9 -5 -4 2 3 2 0 0 0 0 1 0 -1 0 0 0 0 1 1
2 -1 -1 -1 -1 -1 0 -1 -1 0 0 0 -1 -1
3
3
3
3
3
3
3
3
3
3
2
1
1
1
1


-1
-1
-1
-1
-1
-1
-1
2
2
2
2
2
2
2
1 2 2 -1 -2 -1 0 0 1
-7 1 1 1 3 2 0 1 1
-5 -1 -1 0 -1 -1
-2 -2 -2 0 1 0 0 1
3 -1
3
3
1 4 0 0 0 -3 1
-19 5 0 0 0 2
-1 -8 -1 0 0 -6 -2
4
4
2 2 -3 -2 3 -1 0 0 2 -1 -1 1
-3 2 -10 -2 1 0 0 0 -2 1 1 -1
-7 1 -10 2 0 0 0 0 -1 1 -1 1
-8 0 -9 3 0 0 0 0 0 0 -1
-4 -3 -8 -2 -1 0 0 0 2 1 0 1
3 -1 -1 -1 -1 -1 0 -1 -1 -1 0 0 -1
3
3
4
3
3
3
3
3
3
3
2
2
1
1
1
1





-1
-1
-1
-1
2
2
2
2
2
2
1 3 3 -1 -2 -1
-6 1 1 1 3 1 0 1 1
-4 -1 -2 0 -1
-2 -2 -2 0 1
3 0 -1
3
3
3
0 6 1 0 -1 -4 1
-19 3 0 0 1 3 -1 0 0 0 0 0 0 0 1
1 -5 -1 0 -1 -4 -2 0 0 0 0 0 0 0 -1
4
4
4
4
4
4
3
3
3
4
4
3
3
3
3
3
3
3
2
1
1
1
1







-1
-1
-1
1
1
1
1
1
-1 2 4 0 -1 0 0 0 -1 0 0 0 1
-5 0 0 1 2 1 0 0 1
-3 -1 -2
-1 -1 -2 0 1
3 -1 -1 0 -1
3
3
3
3
-4 10 2 0 -1 -3 0 -1
-17 -4 -2 0 2 5 -2
3 -1 0 0 -1 -1 0 -1
4
4
4
4
4
3
3
3
4
3
3
4
3
3
3
3
3
2
2
1
1











-1
