33 50 Cb





1 1 0 0 0 1
1 1 0 0 0 1
1 1 0 0 0 1
1 1 0 0 0 1
1 1 0 0 0 1
1 1 0 0 0 1 1
1 1 0 0 0 1
1 1
1 1 0 0 0 1
1 1 0 0 0 1
2 2 0 0 0 1 1
2 2 0 0 0 2 1
3 3 0 0 0 2 1
3 3 0 0 0 2 1
2 2 0 0 0 1 1
2 2 0 0 0 2 1
2 2 0 0 0 2 1
2 2 0 0 0 2 1
2 2 0 0 0 1 1
2 2 0 0 0 1
1 1 0 0 0 1
1 1 0 0 0 1






1
1 1 0 0 0 1
1 1 0 0 0 1
1 1 0 0 0 1
1 1 0 0 0 1
1 1 0 0 0 1
1 1
1 1
1 1
1 0 0 0 0 1
1 1 0 0 0 1











1 1
1 1 0 0 0 1
1 1 0 0 0 1
1 1 0 0 0 1
1 1 0 0 0 1
1 1 0 0 0 1
1 1 0 0 1 1
1 1 0 0 0 1
1 1 0 0 0 1
1 1
2 2 0 0 0 1 1
2 2 0 0 0 2 1
3 2 0 0 0 2 1
3 2 0 0 0 2 1
1 1 0 0 0 1
1 1 0 0 0 1 1
3 3 0 0 0 2 1 0 0 0 0 0 0 0 1 1 0 0 0 0 0 0 0 0 0 0 0 1 1
3 3 0 0 0 2 1 0 0 0 0 0 0 0 1 1 0 0 0 0 0 0 0 0 0 0 0 1 1
4 3 0 0 0 3 1 0 0 0 0 0 0 0 1 1 0 0 0 0 0 0 0 0 0 0 0 1 1
4 3 0 0 0 2 1
2 2 0 0 0 1 1
1 1 0 0 0 1
1 1 0 0 0 1







1 1
1 1 0 0 0 1
1 1 0 0 0 1
1 1




1 1 0 0 0 1
1 1











1 1


1 1
1 1 0 0 0 1 1 0 0 0 0 0 0 0 1 2 0 0 0 0 0 0 0 0 0 0 0 3 3
20 20 -2 -1 -2 15 7 -2 -1 0 0 0 0 -1 3 3 -1 0 0 0 0 0 0 0 0 0 -1 3 3 -1 0 0 0 0 0 0 0 0 0 0 0 0 -1 0 0 0 0 0 0 -1 0 0 0 0 0 0 0 -1 -1 0 0 0 -1 -1
16 14 -3 -1 -2 9 4 -1 -1 -1 0 0 0 0 1 1
1 1 0 0 0 1
1 1 0 0 0 1
1 1 0 0 0 1 1
2 2 0 0 0 2 1
3 3 0 0 0 2 1
2 2 0 0 0 2 1
1 1 0 0 0 1
1 1 0 0 0 1 1
2 2 0 0 0 2 1 0 0 0 0 0 0 0 1 1 0 0 0 0 0 0 0 0 0 0 0 1 1
4 4 0 0 0 3 1 0 0 0 0 0 0 0 1 1 0 0 0 0 0 0 0 0 0 0 0 1 1
4 4 0 0 0 3 2 0 0 0 0 0 0 0 1 1 0 0 0 0 0 0 0 0 0 0 0 1 1
4 4 0 0 0 3 1 0 0 0 0 0 0 0 1 1 0 0 0 0 0 0 0 0 0 0 0 1 1
4 4 0 0 0 2 1 0 0 0 0 0 0 0 1 1
3 2 0 0 0 2 1
1 1 0 0 0 1
1 1






1 1
1 1 0 0 0 1
1 1 0 0 0 1
1 1 0 0 0 1





1 1 0 0 0 1














0 0 0 0 0 1
5 11 0 0 -1 12 8 -1 -1 0 0 0 0 0 4 4 0 0 0 0 0 0 0 0 0 0 0 4 4
21 18 1 1 1 13 6 0 0 0 0 0 0 0 3 3 0 0 0 0 0 0 0 0 0 0 0 3 3
20 20 1 0 1 16 8 0 0 0 0 0 0 0 4 4 0 0 0 0 0 0 0 0 0 0 0 3 3
11 7 -1 -1 0 4 1
1 1 0 0 0 1
2 2 0 0 0 2 1
3 3 0 0 0 2 1
3 3 0 0 0 2 1
3 3 0 0 0 2 1
2 2 0 0 0 1
1 1 0 0 0 1
2 2 0 0 0 2 1 0 0 0 0 0 0 0 0 0 0 0 0 0 0 0 0 0 0 0 0 1 1
3 3 0 0 0 3 1 0 0 0 0 0 0 0 1 1 0 0 0 0 0 0 0 0 0 0 0 1 1
5 5 0 0 0 4 2 0 0 0 0 0 0 0 1 1 0 0 0 0 0 0 0 0 0 0 0 1 1
5 5 0 0 0 4 2 0 0 0 0 0 0 0 1 1 0 0 0 0 0 0 0 0 0 0 0 1 1
5 4 0 0 0 3 2 0 0 0 0 0 0 0 1 1 0 0 0 0 0 0 0 0 0 0 0 1 1
4 3 0 0 0 2 1 0 0 0 0 0 0 0 1
3 2 0 0 0 2 1
1 1 0 0 0 1







1 1 0 0 0 1
1 1 0 0 0 1 1
1 1 0 0 0 1

-1



1 1 0 0 0 1
1 1 0 0 0 1
1 1 0 0 0 1

1

1 1





1
1 1
1 1
0 0 0 0 0 0 0 0 0 0 0 0 0 0 0 1 0 0 0 0 0 0 0 0 0 0 0 2 3
25 25 -2 -1 0 18 8 0 0 0 0 0 0 0 4 3 0 0 0 0 0 0 0 0 0 0 0 3 3
18 17 0 0 0 13 6 0 0 0 0 0 0 0 3 3 0 0 0 0 0 0 0 0 0 0 0 3 3
18 17 0 0 0 13 6 0 0 0 0 0 0 0 3 3 0 0 0 0 0 0 0 0 0 0 0 3 4
22 20 0 0 -1 12 4 -1 -1 0 0 0 0 0 1 1
1 1 0 0 0 1
2 2 0 0 0 1 1
3 3 0 0 0 2 1
3 3 0 0 0 2 1
3 2 0 0 0 2 1
1 1 0 0 0 1

2 2 0 0 0 1 1
2 3 0 0 0 2 1 0 0 0 0 0 0 0 1 1 0 0 0 0 0 0 0 0 0 0 0 1 1
4 4 0 0 0 3 2 0 0 0 0 0 0 0 1 1 0 0 0 0 0 0 0 0 0 0 0 1 1
6 6 0 0 0 4 2 0 0 0 0 0 0 0 1 1 0 0 0 0 0 0 0 0 0 0 0 1 1
6 5 0 0 0 4 2 0 0 0 0 0 0 0 1 1 0 0 0 0 0 0 0 0 0 0 0 1 1
5 5 0 0 0 3 2 0 0 0 0 0 0 0 1 1 0 0 0 0 0 0 0 0 0 0 0 1 1
4 3 0 0 0 2 1
2 2 0 0 0 1 1
1 1






1
1 1 0 0 0 1
1 1 0 0 0 1
1 1

-1 -1


1 1 0 0 0 1
1 1 0 0 0 1
1 1 0 0 0 1
1 1 0 0 0 1
1 1 0 0 0 1
1 1 0 0 0 1




3 6 2 -1 2 5 2 1 -2 -1 0 0 -1 0 1 1 0 0 0 0 0 0 0 0 0 0 0 1
2 1 1 0 0 1
1 1
1
1 1
1 2 0 0 0 4 4 0 0 0 0 0 0 0 3 4 0 0 0 0 0 0 0 0 0 0 0 5 5
25 23 0 0 0 16 8 0 0 0 0 0 0 0 4 4 0 0 0 0 0 0 0 0 0 0 0 4 4
22 19 0 0 -1 13 7 -1 1 0 0 0 0 0 4 4 0 0 0 0 0 0 0 0 0 0 0 4 4
22 21 0 0 0 16 8 0 0 0 0 0 0 0 4 4 0 0 0 0 0 0 0 0 0 0 0 4 4
23 22 0 0 0 17 9 0 0 0 0 0 0 0 4 3 0 0 0 0 0 0 0 0 0 0 0 2 1
7 3 -1 0 0 1
2 2 0 0 0 2 1
3 3 0 0 0 2 1
3 3 0 0 0 2 1
2 2 0 0 0 2 1 0 0 0 0 0 0 0 0 1 0 0 0 0 0 0 0 0 0 0 0 1 1
3 3 0 0 0 4 2 0 0 0 0 0 0 0 2 2 0 0 0 0 0 0 0 0 0 0 0 2 2 0 -1 0 0 0 0 0 0 0 0 0 0 0 0 0 0 0 0 0 0 0 0 0 0 0 0 0 -1
15 15 -2 -1 -2 11 6 -2 -1 -1 0 -1 0 -1 3 3 0 0 0 0 0 0 0 0 0 0 0 2 2 0 0 0 0 0 0 0 0 0 0 0 0 0 0 0 0 0 0 0 -1 -1
11 12 1 0 0 11 7 -1 0 0 0 0 0 -1 3 3 0 0 0 0 0 0 0 0 0 0 0 3 2
6 3 -1 0 -1 1 1 0 0 0 0 0 0 0 0 0 0 0 0 0 0 0 0 0 0 0 0 1 1
4 4 0 0 0 3 2 0 0 0 0 0 0 0 1 1 0 0 0 0 0 0 0 0 0 0 0 1 1
6 6 0 0 0 4 2 0 0 0 0 0 0 0 1 1 0 0 0 0 0 0 0 0 0 0 0 1 1
6 6 0 0 0 4 2 0 0 0 0 0 0 0 1 1 0 0 0 0 0 0 0 0 0 0 0 1 1
6 6 0 0 0 4 2 0 0 0 0 0 0 0 1 1 0 0 0 0 0 0 0 0 0 0 0 1 1
4 4 0 0 0 3 2 0 0 0 0 0 0 0 1 1 0 0 0 0 0 0 0 0 0 0 0 1 1
3 3 0 0 0 2 1 0 0 0 0 0 0 0 1
2 2 0 0 0 1 1
2 2 0 0 0 1 1
1 1 0 0 0 1
1 1




1 1 0 0 0 1
1 1 0 0 0 1 1
1 1 0 0 0 1
1 1


1 1 0 0 0 1
1 1 0 0 0 1
1 1 0 0 0 1
1 1 0 0 0 1 1
1 1 0 0 0 1
1 1 0 0 0 1
1 1 0 0 0 1 1



0 0 0 0 0 0 0 0 0 0 0 0 0 0 -1 -2 0 0 0 0 0 0 0 0 0 0 0 -1 1
20 24 -1 1 0 16 8 0 0 1 0 0 0 0 3 3 0 0 0 0 0 0 0 0 0 0 0 4 4
21 20 -1 -1 -1 14 6 -1 -1 0 0 0 0 -1 3 2 -1 0 0 0 0 0 0 0 0 0 0 2 1 0 0 0 0 0 0 0 0 0 0 0 0 0 0 0 0 0 0 0 0 0 0 0 0 0 0 0 0 -1
4 3 0 -1 0 1

0 0 0 0 0 0 0 0 0 0 0 0 0 0 0 0 0 0 0 0 0 0 0 0 0 0 0 0 1
10 18 -1 -1 -2 17 10 -1 -1 0 0 0 0 0 5 5 0 0 0 0 0 0 0 0 0 0 0 5 5
28 26 0 0 0 20 9 0 0 0 0 0 0 0 4 4 0 0 0 0 0 0 0 0 0 0 0 3 3 1 0 0 0 0 0 0 0 0 0 0 0 0 1 0 0 0 0 0 0 0 0 0 0 0 0 0 0 0 0 0 0 0 1 1
22 20 2 2 -3 16 9 -3 0 0 0 0 -1 0 4 4 0 0 0 0 0 0 0 0 0 0 0 4 4 0 0 0 0 0 0 0 -1 -1 0 0 0 0 0 0 0 0 0 0 -1
24 23 0 0 0 17 9 0 0 0 0 0 0 0 4 4 0 0 0 0 0 0 0 0 0 0 0 4 4
25 24 0 0 0 18 9 0 0 0 0 0 0 0 4 4 0 0 0 0 0 0 0 0 0 0 0 4 3
13 9 0 0 0 6 2
2 2 0 0 0 2 1
3 3 0 0 0 2 1
2 2 0 0 0 2 1 0 0 0 0 0 0 0 1 1 0 0 0 0 0 0 0 0 0 0 0 2 2
14 16 -1 -1 -1 14 7 -1 -2 -1 0 0 -1 -1 4 4 -1 0 0 0 0 0 0 0 0 0 -1 4 4 -1 0 0 0 0 0 0 0 0 0 0 0 0 0 0 0 0 0 0 0 0 0 0 0 0 0 0 0 -1 -1 0 0 0 -1
25 24 -1 -1 0 18 9 1 0 0 0 0 0 0 4 4 0 0 0 0 0 0 0 0 0 0 0 4 4
25 25 1 1 1 20 10 0 0 0 0 0 0 0 5 5 0 0 0 0 0 0 0 0 0 0 0 5 5
23 18 -1 -1 -1 10 4 0 -1 0 0 0 0 0 2 3 0 0 0 0 0 0 0 0 0 0 0 4 5
24 15 -2 -1 -1 5 1 0 -1
3 3 0 0 0 2 1 0 0 0 0 0 0 0 1 1 0 0 0 0 0 0 0 0 0 0 0 1 1
5 5 0 0 0 4 2 0 0 0 0 0 0 0 1 1 0 0 0 0 0 0 0 0 0 0 0 1 1
6 5 0 0 0 4 2 0 0 0 0 0 0 0 1 1 0 0 0 0 0 0 0 0 0 0 0 1 1
6 5 0 0 0 4 2 0 0 0 0 0 0 0 1 1 0 0 0 0 0 0 0 0 0 0 0 1 1
5 5 0 0 0 4 2 0 0 0 0 0 0 0 1 1 0 0 0 0 0 0 0 0 0 0 0 1 1
5 4 0 0 0 3 1 0 0 0 0 0 0 0 1 1 0 0 0 0 0 0 0 0 0 0 0 1 1
4 3 0 0 0 3 1 0 0 0 0 0 0 0 1 1 0 0 0 0 0 0 0 0 0 0 0 1 1
3 3 0 0 0 2 1
2 2 0 0 0 2 1
2 1 0 0 0 1
1 1 0 0 0 1




1 1 0 0 0 1
1 1 0 0 0 1
1 1 0 0 0 1
1 1 0 0 0 1
1 1 0 0 0 1
1 1 0 0 0 1 1
1 1 0 0 0 1 1
1 1 0 0 0 1 1
1 1 0 0 0 1 1
1 1 0 0 0 1
1 1 0 0 0 1
2 2 0 0 0 1 1



1 1 0 0 0 0 -3 1 0 0 0 0 0 0 -3 -3 0 0 0 0 0 0 0 0 0 0 0 -3 -2
2 14 0 0 2 16 8 0 1 0 0 0 0 0 3 3 0 0 0 0 0 0 0 0 0 0 0 3 3
18 17 0 0 1 14 7 1 0 0 0 0 0 0 4 4 0 0 0 0 0 0 0 0 0 0 0 4 4
22 20 -1 -1 -1 13 6 -1 0 0 0 0 0 0 2 2 0 0 0 0 0 0 0 0 0 0 0 1 1
2 1
1 1 0 0 0 0 0 0 0 0 0 0 0 0 0 0 0 0 0 0 0 0 0 0 0 0 0 1 2
22 24 -1 0 0 18 9 0 0 0 0 0 0 0 4 4 0 0 0 0 0 0 0 0 0 0 0 4 3
14 11 4 0 4 6 3 2 2 0 0 0 1 0 2 3 0 0 0 0 0 0 0 0 0 0 0 4 5 0 0 0 0 0 0 1 1
26 24 0 0 0 18 9 0 0 0 0 0 0 0 4 4 0 0 0 0 0 0 0 0 0 0 0 4 4
24 23 0 0 0 17 9 0 0 0 0 0 0 0 4 4 0 0 0 0 0 0 0 0 0 0 0 4 4
24 23 0 0 0 17 9 0 0 0 0 0 0 0 4 4 0 0 0 0 0 0 0 0 0 0 0 4 4
23 19 0 0 -1 9 4 0 -1 0 0 0 0 0 2 1 0 0 0 0 0 0 0 0 0 0 0 1
1 1 0 0 0 1
-2 -2 0 1 0 -2 0 0 1 0 0 0 0 0 0 1 0 0 0 0 0 0 0 0 0 0 0 1 2
14 18 -3 -1 -2 16 9 -2 -2 -1 0 0 -1 -1 5 5 0 0 0 0 0 0 0 0 0 0 0 5 5
29 27 0 0 0 19 9 0 0 0 0 0 0 0 4 4 0 0 0 0 0 0 0 0 0 0 0 4 4
22 21 0 0 0 16 8 0 0 0 0 0 0 0 4 4 0 0 0 0 0 0 0 0 0 0 0 4 4
24 24 0 0 0 18 10 0 0 0 0 0 0 0 5 5 0 0 0 0 0 0 0 0 0 0 0 5 5
30 28 0 0 -1 21 9 -1 0 0 0 0 0 0 3 3 0 0 0 0 0 0 0 0 0 0 0 3 4
28 26 0 0 0 12 2 0 0 0 0 0 0 0 0 0 0 0 0 0 0 0 0 0 0 0 0 0 -1
-5 -3 1 1 0 -1 0 0 1 0 0 0 0 0 0 0 0 0 0 0 0 0 0 0 0 0 0 0 1
3 4 0 0 0 3 2 0 0 0 0 0 0 0 1 1 0 0 0 0 0 0 0 0 0 0 0 1 1
5 5 0 0 0 3 2 0 0 0 0 0 0 0 1 1 0 0 0 0 0 0 0 0 0 0 0 1 1
5 4 0 0 0 3 2 0 0 0 0 0 0 0 1 1 0 0 0 0 0 0 0 0 0 0 0 1 1
5 5 0 0 0 3 2 0 0 0 0 0 0 0 1 1 0 0 0 0 0 0 0 0 0 0 0 1 1
5 4 0 0 0 3 2 0 0 0 0 0 0 0 1 1 0 0 0 0 0 0 0 0 0 0 0 1 1
4 4 0 0 0 3 2 0 0 0 0 0 0 0 1 1 0 0 0 0 0 0 0 0 0 0 0 1 1
4 4 0 0 0 3 1 0 0 0 0 0 0 0 1 1 0 0 0 0 0 0 0 0 0 0 0 1 1
3 3 0 0 0 2 1 0 0 0 0 0 0 0 1 1 0 0 0 0 0 0 0 0 0 0 0 1 1
3 3 0 0 0 2 1
2 2 0 0 0 1 1
1 1 0 0 0 1


1 1 0 0 0 1
1 1 0 0 0 1
1 1 0 0 0 1
1 1 0 0 0 1 1
1 1 0 0 0 1 1
2 2 0 0 0 1 1
2 2 0 0 0 1 1
1 1 0 0 0 1 1
1 1 0 0 0 1 1
1 1 0 0 0 1 1
1 1 0 0 0 1
1 1 0 0 0 1 1
2 2 0 0 0 1 1



2 0 0 0 0 1 -6 0 0 0 0 0 0 0 -3 -3 0 0 0 0 0 0 0 0 0 0 0 -4 -4
-14 0 2 1 0 8 9 2 0 1 0 0 0 0 4 4 0 0 0 0 0 0 0 0 0 0 0 4 4
21 19 0 0 0 14 7 0 0 0 0 0 0 0 3 4 0 0 0 0 0 0 0 0 0 0 0 4 4
22 22 1 0 1 17 9 0 0 0 0 0 0 0 4 4 0 0 0 0 0 0 0 0 0 0 0 4 4
20 18 -1 -1 -2 11 4 -1 -1 0 0 0 0 -1 1 1
0 0 0 0 0 0 0 0 0 0 0 0 0 0 0 1 0 0 0 0 0 0 0 0 0 0 0 2 4
22 21 0 0 0 15 8 0 0 0 0 0 0 0 4 4 0 0 0 0 0 0 0 0 0 0 0 2 1
6 9 0 0 0 11 8 -1 0 0 0 0 0 0 4 4 0 0 0 0 0 0 0 0 0 0 0 4 4
25 24 0 0 0 18 9 0 0 0 0 0 0 0 4 4 0 0 0 0 0 0 0 0 0 0 0 4 4
23 22 0 0 0 17 9 0 0 0 0 0 0 0 4 4 0 0 0 0 0 0 0 0 0 0 0 3 4
23 22 0 0 0 16 8 0 0 0 0 0 0 0 4 4 0 0 0 0 0 0 0 0 0 0 0 4 4
23 20 -1 0 -1 14 6 0 0 0 0 0 0 0 3 3 0 0 0 0 0 0 0 0 0 0 0 3 3 -1 0 0 0 0 0 0 0 0 0 0 0 0 -1 0 0 0 0 0 0 0 0 0 0 0 0 0 0 0 0 0 0 0 -1 -1
16 16 -2 -1 -1 12 6 -1 -3 0 0 0 -1 -1 3 3 -1 0 0 0 0 0 0 0 0 0 -1 2 2 0 0 0 0 0 -1 0 0 0 0 0 0 0 -1 -1 -1 0 0 0 0 -1 0 0 -1 -1 0 -1 0 -1 -1 0 -1 -1 0 -1
8 10 -5 -1 -4 12 7 -2 -2 -1 -1 -1 -1 0 4 4 0 0 0 0 0 0 0 0 0 0 0 5 5 0 0 0 0 0 -1 -1 -1 0 0 0 0 0 0 0 0 0 0 0 -1
29 29 0 0 0 22 11 0 0 0 0 0 0 0 5 5 0 0 0 0 0 0 0 0 0 0 0 5 5
27 25 0 0 0 19 9 0 0 0 0 0 0 0 4 4 0 0 0 0 0 0 0 0 0 0 0 4 4
26 24 0 0 0 18 9 0 0 0 0 0 0 0 5 5 0 0 0 0 0 0 0 0 0 0 0 5 5
28 27 0 0 0 21 11 0 0 0 0 0 0 0 5 5 0 0 0 0 0 0 0 0 0 0 0 5 5
31 30 0 0 0 23 12 0 0 0 0 0 0 0 5 4 0 0 0 0 0 0 0 0 0 0 0 3 4
26 27 0 0 0 18 5 -1 0 0 0 0 0 0 1 0 0 0 0 0 0 0 0 0 0 0 0 0 -1
-17 -17 0 0 0 -12 -6 0 0 0 0 0 0 0 -3 -3 0 0 0 0 0 0 0 0 0 0 0 -3 -2 1 0 0 0 0 0 0 0 0 0 0 0 0 1 0 0 0 0 0 0 0 0 0 0 0 0 0 0 0 0 0 0 0 1 1
-12 -9 3 1 2 -4 -1 1 1 0 0 0 0 0 0 0 0 0 0 0 0 0 0 0 0 0 0 0 1 0 0 0 0 0 0 1
4 4 0 0 0 3 1 0 0 0 0 0 0 0 1 1 0 0 0 0 0 0 0 0 0 0 0 1 1
4 4 0 0 0 2 1 0 0 0 0 0 0 0 1 1 0 0 0 0 0 0 0 0 0 0 0 1 1
4 4 0 0 0 3 1 0 0 0 0 0 0 0 1 1 0 0 0 0 0 0 0 0 0 0 0 1 1
4 4 0 0 0 3 2 0 0 0 0 0 0 0 1 1 0 0 0 0 0 0 0 0 0 0 0 1 1
4 4 0 0 0 3 2 0 0 0 0 0 0 0 1 1 0 0 0 0 0 0 0 0 0 0 0 1 1
4 4 0 0 0 3 1 0 0 0 0 0 0 0 1 1 0 0 0 0 0 0 0 0 0 0 0 1 1
4 4 0 0 0 3 1 0 0 0 0 0 0 0 1 1 0 0 0 0 0 0 0 0 0 0 0 1 1
3 3 0 0 0 2 1 0 0 0 0 0 0 0 1 1 0 0 0 0 0 0 0 0 0 0 0 1 1
3 2 0 0 0 2 1
1 1 0 0 0 1

1
1 1 0 0 0 1

1 1 0 0 0 1
1 1 0 0 0 1
1 1 0 0 0 1
2 2 0 0 0 1 1
2 2 0 0 0 1 1
2 2 0 0 0 1 1
1 1 0 0 0 1 1
1 1 0 0 0 1 1
2 2 0 0 0 1
1 1 0 0 0 1
1 1 0 0 0 1 1



2 0 0 0 0 1 -6 0 0 0 0 0 0 0 -3 -3 0 0 0 0 0 0 0 0 0 0 0 -4 -4
-21 -18 0 0 1 -7 1 1 1 0 0 0 1 0 3 5 0 0 0 0 0 0 0 0 0 0 0 4 5
25 23 0 0 0 17 9 0 0 0 0 0 0 0 4 4 0 0 0 0 0 0 0 0 0 0 0 4 4
23 22 0 0 0 17 9 0 0 0 0 0 0 0 4 4 0 0 0 0 0 0 0 0 0 0 0 4 4
25 23 0 0 0 18 9 0 0 0 0 0 0 0 4 4 0 0 0 0 0 0 0 0 0 0 0 4 3
13 8 -2 -1 0 2 1 0 -1 -1 0 0 0 0 1 2 0 0 0 0 0 0 0 0 0 0 0 3 4
19 16 0 0 1 15 10 0 0 0 0 0 0 0 5 2 0 0 0 0 0 0 0 0 0 0 0 1 1
11 17 -1 0 -1 14 7 0 0 0 0 0 0 0 3 3 0 0 0 0 0 0 0 0 0 0 0 3 3
19 20 1 1 0 17 9 0 0 0 0 0 0 0 5 5 0 0 0 0 0 0 0 0 0 0 0 5 5
30 29 -1 -1 -1 21 9 -1 -1 0 0 0 0 0 3 2 0 0 0 0 0 0 0 0 0 0 0 2 4
23 21 0 0 0 16 8 0 0 0 0 0 0 0 4 4 0 0 0 0 0 0 0 0 0 0 0 4 5
27 26 -3 -1 -1 19 9 1 0 0 0 0 0 1 3 3 0 0 0 0 0 0 0 0 0 0 0 3 5 0 0 0 0 0 0 -1
31 30 0 0 0 23 12 0 0 0 0 0 0 0 5 5 0 0 0 0 0 0 0 0 0 0 0 5 5
31 28 0 0 -1 20 9 -1 -1 0 0 0 0 0 4 4 0 0 0 0 0 0 0 0 0 0 0 5 5
29 29 0 0 0 22 11 0 0 0 0 0 0 0 5 5 0 0 0 0 0 0 0 0 0 0 0 5 5
31 28 -1 0 -1 20 10 -1 0 0 0 0 0 -1 5 5 0 0 0 0 0 0 0 0 0 0 0 4 4
26 25 -2 1 -2 20 11 -2 1 0 0 0 0 -1 5 6 0 0 0 0 0 0 0 0 0 0 0 6 6
33 31 0 0 0 23 12 0 0 0 0 0 0 0 6 6 0 0 0 0 0 0 0 0 0 0 0 6 6
32 31 0 0 0 22 11 0 0 0 0 0 0 0 5 4 0 0 0 0 0 0 0 0 0 0 0 4 4
28 27 0 0 0 19 8 0 0 0 0 0 0 0 2 1
-9 -14 -1 0 0 -10 -5 0 0 0 0 0 0 0 -3 -3 0 0 0 0 0 0 0 0 0 0 0 -3 -3
-15 -14 0 0 0 -11 -6 0 0 0 0 0 0 0 -3 -2 0 0 0 0 0 0 0 0 0 0 0 -1 0 1 0 0 0 0 0 0 0 0 0 0 0 0 1 0 0 0 0 0 0 0 0 0 0 0 0 0 0 0 0 0 0 0 1 1
5 8 2 -1 1 7 4 1 -1 0 0 0 -1 0 2 2 0 0 0 0 0 0 0 0 0 0 0 2 2
14 14 -1 -1 -1 10 5 -1 -1 -1 0 -1 0 0 2 2 0 0 0 0 0 0 0 0 0 0 0 2 2
11 9 0 0 0 6 2 0 0 -1 0 0 0 0 1 1 0 0 0 0 0 0 0 0 0 0 0 1 1
3 3 0 0 0 2 1 0 0 0 0 0 0 0 1 1 0 0 0 0 0 0 0 0 0 0 0 1 1
3 3 0 0 0 2 1 0 0 0 0 0 0 0 1 1 0 0 0 0 0 0 0 0 0 0 0 1 1
3 3 0 0 0 2 1 0 0 0 0 0 0 0 1 1 0 0 0 0 0 0 0 0 0 0 0 1 1
3 3 0 0 0 2 1 0 0 0 0 0 0 0 1 1 0 0 0 0 0 0 0 0 0 0 0 1 1
3 3 0 0 0 2 1
2 2 0 0 0 1 1
1 1 0 0 0 1
1 1 0 0 0 1
1 1 0 0 0 1 1
1 1 0 0 0 1
1 1 0 0 0 1
1 1 0 0 0 1
1 1 0 0 0 1
1 1 0 0 0 1 1
2 2 0 0 0 1 1
2 2 0 0 0 1 1
2 2 0 0 0 1 1
2 2 0 0 0 1 1
2 2 0 0 0 1 1
2 2 0 0 0 1
1 1
1 1 0 0 0 1



1 0 0 0 0 1 -3 0 0 0 0 0 0 0 -3 -3 0 0 0 0 0 0 0 0 0 0 0 -4 -4
-22 -20 0 0 0 -16 -8 0 0 0 0 0 0 0 -2 -1 1 0 0 0 0 0 0 0 0 0 1 2 4 0 0 0 0 0 0 0 0 0 0 0 0 0 0 0 0 0 0 0 0 0 0 0 0 0 0 0 0 1 1
26 25 -1 0 0 19 10 0 0 0 0 0 0 0 4 4 0 0 0 0 0 0 0 0 0 0 0 4 4
24 23 0 0 0 17 9 0 0 0 0 0 0 0 4 4 0 0 0 0 0 0 0 0 0 0 0 4 4
24 23 0 0 0 17 9 0 0 0 0 0 0 0 4 4 0 0 0 0 0 0 0 0 0 0 0 4 4
23 22 0 0 0 16 6 0 0 0 0 0 0 -1 2 0 0 0 0 0 0 0 0 0 0 0 0 0 3
16 15 0 0 0 17 9 0 0 0 0 0 0 0 4 2 0 0 0 0 0 0 0 0 0 0 0 1 1
13 12 0 0 0 7 3 0 0 0 0 0 0 0 2 2 0 0 0 0 0 0 0 0 0 0 0 2 2
21 26 -1 -1 -3 22 12 -1 0 -1 0 0 0 0 5 5 0 0 0 0 0 0 0 0 0 0 0 5 5 0 0 0 0 0 0 0 -1
30 18 -1 1 2 9 3 1 1 0 0 0 1 0 2 4 0 0 0 0 0 0 0 0 0 0 0 5 5
25 22 0 0 0 18 9 -1 0 0 0 0 0 0 5 5 0 0 0 0 0 0 0 0 0 0 0 5 5
26 22 0 0 0 14 5 0 0 0 0 0 0 0 3 5 0 0 0 0 0 0 0 0 0 0 0 6 6
34 33 0 0 0 24 11 0 0 0 0 0 0 0 5 5 0 0 0 0 0 0 0 0 0 0 0 5 5
30 29 0 0 0 22 11 0 0 0 0 0 0 0 5 4 0 0 0 0 0 0 0 0 0 0 0 4 4
25 24 0 0 0 19 10 1 0 0 0 0 0 0 5 5 0 0 0 0 0 0 0 0 0 0 0 4 4
24 24 0 -1 0 18 10 0 0 0 0 0 0 0 5 5 0 0 0 0 0 0 0 0 0 0 0 5 5
28 26 0 0 0 20 10 0 0 0 0 0 0 0 5 5 0 0 0 0 0 0 0 0 0 0 0 5 4 0 0 0 0 0 0 0 0 0 0 0 0 0 1 0 0 0 0 0 0 0 0 0 0 0 0 0 0 0 0 0 0 0 0 1
25 24 3 0 0 20 10 0 1 0 0 0 0 0 5 5 0 0 0 0 0 0 0 0 0 0 0 5 5
28 25 0 0 0 18 9 0 0 0 0 0 0 0 4 4 0 0 0 0 0 0 0 0 0 0 0 4 4
21 19 -1 1 -1 14 6 0 1 0 0 0 1 0 2 1 0 0 0 0 0 0 0 0 0 0 0 1 1
-1 -3 0 0 -1 -3 -2 -1 0 -1 0 -1 0 0 -1 -1 0 0 -1 0 -1 0 -1 0 -1 0 0 0 1 -1 0 0 0 -1 0 0 0 0 -1 0 0 0 -2 0 0 0 0 0 0 0 0 0 0 0 0 0 0 0 0 0 0 0 -1 -2
13 18 -8 -2 -7 15 9 -5 -3 -1 0 -1 -1 -1 4 5 -1 -1 -1 0 0 0 -1 -1 -1 0 0 5 5 0 0 0 -1 -1 -1 -1 -1 -1 -1 0 0 0 0 0 0 0 0 -1 -1 -1 0 0 0 0 0 0 0 -1
28 27 0 0 0 20 10 0 0 0 0 0 0 0 5 5 0 0 0 0 0 0 0 0 0 0 0 5 5
29 27 0 0 0 21 11 0 0 0 0 0 0 0 5 5 0 0 0 0 0 0 0 0 0 0 0 5 6
33 31 -1 0 -1 23 10 -1 0 0 0 0 0 0 3 2 0 0 0 0 0 0 0 0 0 0 0 2 2
5 3 -1 0 0 2 1
2 2 0 0 0 2 1
2 2 0 0 0 1 1
2 2 0 0 0 1 1
2 2 0 0 0 1 1
1 1 0 0 0 1 1
1 1 0 0 0 1
1 1 0 0 0 1
1 1 0 0 0 1 1
1 1 0 0 0 1
1 1
1 1
1 1 0 0 0 1
1 2 0 0 0 1 1
2 2 0 0 0 1 1
2 2 0 0 0 1 1
1 1 0 0 0 1 1
2 2 0 0 0 1 1
2 1 0 0 0 1

-1 -1 0 0 0 -1
-1 -1



0 0 0 0 0 0 0 0 0 0 0 0 0 0 -1 -3 0 0 0 0 0 0 0 0 0 0 0 -3 -4
-22 -20 0 0 0 -16 -8 0 0 0 0 0 0 0 -4 -4 0 0 0 0 0 0 0 0 0 0 0 -3 -3 0 0 0 0 0 0 0 0 0 0 0 0 0 1 0 0 0 0 0 0 0 0 0 0 0 0 0 0 0 0 0 0 0 0 1
-5 8 3 2 2 14 9 0 2 1 0 1 1 0 5 4 0 0 0 1 0 1 0 0 0 0 0 4 4 0 0 0 0 0 1 1
24 23 0 0 0 17 9 0 0 0 0 0 0 0 4 4 0 0 0 0 0 0 0 0 0 0 0 4 4
23 21 0 0 0 16 8 0 0 0 0 0 0 0 4 4 0 0 0 0 0 0 0 0 0 0 0 4 4
21 20 0 0 0 15 8 0 0 0 0 0 0 0 4 4 0 0 0 0 0 0 0 0 0 0 0 3 2 -1 0 0 0 0 0 0 0 0 0 0 0 0 0 0 0 0 0 0 0 0 0 0 0 0 0 0 0 0 0 0 0 0 -1
17 14 -1 0 0 14 8 0 0 0 0 0 0 0 3 2 0 0 0 0 0 0 0 0 0 0 0 3 3
23 16 -1 -1 0 13 8 -3 -1 0 0 0 0 -1 4 4 -1 0 -1 0 0 0 0 0 0 0 -1 4 3 0 -1 0 0 -1 0 0 0 0 0 0 0 0 1 1 0 0 0 0 -1 -1 0 0 0 0 0 0 -1 -1 -1 0 0 1 0 1
27 31 2 0 0 22 11 0 0 0 0 0 0 0 5 5 0 0 0 0 0 0 0 0 0 0 0 6 4
12 9 1 1 0 12 10 -1 0 0 0 0 0 0 5 5 0 0 0 0 0 0 0 0 0 0 0 4 4
24 22 0 0 0 16 8 0 0 0 0 0 0 1 4 4 1 0 0 0 0 0 0 0 0 0 0 4 4 0 0 0 0 0 0 0 0 0 0 0 0 0 0 0 0 0 0 0 0 0 0 0 0 0 0 0 0 1
23 20 -3 -2 -3 13 9 2 -2 -1 0 -1 0 0 6 6 0 0 0 0 0 0 0 0 0 0 0 6 6 0 0 0 0 0 0 -1 -1
31 28 1 0 1 20 10 0 0 0 0 0 0 0 5 5 0 0 0 0 0 0 0 0 0 0 0 5 5
28 27 0 0 0 20 10 0 0 0 0 0 0 0 5 4 0 0 0 0 0 0 0 0 0 0 0 4 4
24 23 -1 0 1 17 8 1 0 0 0 0 0 0 4 4 0 0 0 0 0 0 0 0 0 0 0 4 4
27 26 0 0 0 20 10 0 0 0 0 0 0 0 5 5 0 0 0 0 0 0 0 0 0 0 0 5 5
30 29 0 0 0 22 11 0 0 0 0 0 0 0 5 5 0 0 0 0 0 0 0 0 0 0 0 6 6
33 28 0 0 -1 17 7 0 -1 0 0 0 0 0 4 4 0 0 0 0 0 0 0 0 0 0 0 4 4
22 21 2 0 1 16 8 0 0 0 0 0 0 0 4 4 -1 0 0 0 0 0 0 0 0 0 -1 4 4 -1 0 0 0 0 0 0 0 0 0 0 0 0 -1 0 0 0 0 0 0 0 0 0 0 0 0 0 0 -1 -1 0 0 0 -1 -1
25 24 -2 -1 -1 18 9 -1 -1 0 0 0 0 0 4 4 0 0 0 0 0 0 0 0 0 0 0 5 5
29 28 0 0 0 21 11 0 0 0 0 0 0 0 5 5 0 0 0 0 0 0 0 0 0 0 0 3 2
12 22 1 0 1 21 10 0 1 0 0 0 0 0 5 5 0 0 0 0 0 0 0 0 0 0 0 5 5
28 26 0 0 0 20 10 0 0 0 0 0 0 0 5 5 0 0 0 0 0 0 0 0 0 0 0 5 5
28 27 0 0 0 20 11 0 0 0 0 0 0 0 5 5 0 0 0 0 0 0 0 0 0 0 0 5 5
32 31 0 0 0 22 9 0 0 0 0 0 0 0 3 3 0 0 0 0 0 0 0 0 0 0 0 2 1
3 2 0 0 0 2 1
2 2 0 0 0 1 1
2 2 0 0 0 1 1
2 1 0 0 0 1 1
1 1 0 0 0 1 1
1 1 0 0 0 1 1
2 2 0 0 0 1 1
2 2 0 0 0 1 1
1 1 0 0 0 1
1 1 0 0 0 1
0 1 0 0 0 1
1 1 0 0 0 1
1 1 0 0 0 1 1
2 2 0 0 0 1 1
2 2 0 0 0 1 1
2 1 0 0 0 1 1
1 1 0 0 0 1 1
1 1 0 0 0 1

-1 -1 0 0 0 -1
-2 -2 0 0 0 -1 -1
-1 -1 0 0 0 -1



0 0 0 0 0 0 0 0 0 0 0 0 0 0 0 0 0 0 0 0 0 0 0 0 0 0 0 -1 -2
-19 -19 0 0 0 -15 -8 0 0 0 0 0 0 0 -4 -4 0 0 0 0 0 0 0 0 0 0 0 -4 -4
-21 -20 0 0 0 -14 -5 2 0 0 0 0 1 1 -1 1 1 0 0 0 0 0 0 0 0 1 1 2 4 0 1 1 0 0 0 0 0 0 0 0 1 0 0 0 0 0 1 0 0 1 1 1 0 0 0 0 1 1 1
22 22 0 0 0 16 8 0 0 0 0 0 0 0 4 4 0 0 0 0 0 0 0 0 0 0 0 4 3
20 18 0 0 0 14 7 0 0 0 0 0 0 0 3 3 0 0 0 0 0 0 0 0 0 0 0 3 3
20 19 0 0 0 14 7 0 0 0 0 0 0 0 4 4 0 0 0 0 0 0 0 0 0 0 0 4 4
22 19 0 -1 -1 14 9 -1 0 0 0 0 0 0 4 4 0 0 0 0 0 0 0 0 0 0 0 5 5
27 26 0 0 0 20 10 0 0 0 0 0 0 0 5 5 0 0 0 0 0 0 0 0 0 0 0 5 4
21 28 0 0 0 21 11 0 0 0 0 0 0 0 5 6 0 0 0 0 0 0 0 0 0 0 0 4 2
11 24 1 0 -3 21 11 0 -1 0 0 0 0 0 5 5 0 0 0 0 0 0 0 0 0 0 0 4 4 0 0 0 0 0 0 0 -1
24 23 0 0 0 18 9 0 0 0 0 0 0 0 5 5 0 0 0 0 0 0 0 0 0 0 0 5 5
28 14 0 0 0 16 9 -1 0 0 0 0 0 0 4 4 0 0 0 0 0 0 0 0 0 0 0 4 4
24 23 2 0 1 18 10 1 -1 0 0 0 0 0 5 5 0 0 0 0 0 0 0 0 0 0 0 5 5
27 25 0 0 -1 12 9 0 1 0 0 0 1 0 5 5 0 0 0 0 0 0 0 0 0 0 0 4 4
25 23 -2 0 -1 18 9 0 1 0 0 0 1 0 4 4 0 0 0 0 0 0 0 0 0 0 0 4 4 0 0 0 0 0 0 0 0 0 0 0 0 0 -1 1 0 0 0 0 0 0 0 0 0 0 0 0 0 0 0 0 0 1 0 -1
24 22 -2 2 -2 16 9 0 2 1 0 0 1 1 4 4 1 0 0 0 0 0 0 0 0 0 1 4 4 1 0 0 0 0 1 0 0 0 0 0 0 0 1 0 0 0 0 0 0 1 0 0 0 0 0 0 0 1 1 0 0 0 1 1
22 20 6 -1 5 15 7 4 -1 0 0 0 -1 2 4 4 1 0 0 0 0 0 0 0 0 0 0 5 5 0 0 0 0 0 0 1 1 0 0 0 0 1 0 0 0 0 0 0 1 1 0 0 0 0 0 0 0 1 0 1
32 30 0 1 0 19 8 1 1 0 0 0 0 0 4 4 0 0 0 0 0 0 0 0 0 0 0 4 5
26 25 1 0 0 20 10 0 0 0 0 0 0 0 5 5 0 0 0 0 0 0 0 0 0 0 0 5 5
28 26 -1 0 0 20 11 0 0 0 0 0 0 0 5 5 0 0 0 0 0 0 0 0 0 0 0 5 4
23 27 1 0 0 22 11 0 0 0 0 0 0 0 5 5 0 0 0 0 0 0 0 0 0 0 0 5 4
23 26 -1 0 -1 21 11 0 0 0 0 0 0 0 5 5 0 0 0 0 0 0 0 0 0 0 0 5 5
29 27 0 0 0 20 10 0 0 0 0 0 0 0 5 5 0 0 0 0 0 0 0 0 0 0 0 5 5
29 28 0 0 0 21 11 0 0 0 0 0 0 0 5 5 0 0 0 0 0 0 0 0 0 0 0 5 5
32 29 0 0 0 17 6 0 0 0 0 0 0 0 2 1
2 2 0 0 0 1 1
1 2 0 0 0 1 1
2 2 0 0 0 1 1
2 2 0 0 0 1 1
2 2 0 0 0 1 1
1 1 0 0 0 1 1
1 1 0 0 0 1
1 1 0 0 0 1 1
1 1 0 0 0 1
1 1 0 0 0 1
0 1
1 1 0 0 0 1
1 1 0 0 0 1 1
1 1 0 0 0 1
1 1 0 0 0 1 1
2 2 0 0 0 1 1
1 1 0 0 0 1
1 1
-1 -1 0 0 0 -1
-2 -2 0 0 0 -1 -1
-2 -2 0 0 0 -1 -1
-2 -2 0 0 0 -1 -1



0 0 0 0 0 0 0 0 0 0 0 0 0 0 0 0 0 0 0 0 0 0 0 0 0 0 0 0 1
5 0 1 -2 -1 -4 -4 1 -2 -1 0 -1 -1 1 -3 -3 0 0 -1 -1 0 -1 0 -1 -1 0 0 -4 -4 0 0 0 -1 -1 -1 0 0 -1 -1 -1
-21 -20 0 0 0 -15 -7 0 0 0 0 0 0 0 -4 -3 0 0 0 0 0 0 0 0 0 0 0 -4 -3 0 0 0 0 0 0 0 0 0 0 0 0 0 1 0 0 0 0 0 0 0 0 0 0 0 0 0 0 0 0 0 0 0 0 1
-11 -4 6 2 4 4 5 1 2 1 0 1 1 0 3 4 0 0 0 0 0 0 1 0 1 0 0 3 3 0 0 0 1 0 0 1 1 1 1
19 18 0 0 0 13 7 0 0 0 0 0 0 0 3 3 0 0 0 0 0 0 0 0 0 0 0 3 3
18 19 0 0 0 15 8 0 0 0 0 0 0 0 4 4 0 0 0 0 0 0 0 0 0 0 0 4 4
25 23 0 0 0 18 9 0 0 0 0 0 0 0 5 5 0 0 0 0 0 0 0 0 0 0 0 5 5
28 27 0 0 0 21 11 0 0 0 0 0 0 0 5 5 0 0 0 0 0 0 0 0 0 0 0 5 4
26 25 -2 0 3 19 11 -1 0 0 0 0 1 0 5 5 0 0 0 0 0 0 0 0 0 0 0 4 3 0 0 0 0 0 0 0 1 1
26 27 -1 0 0 21 11 0 0 0 0 0 0 0 5 5 0 0 0 0 0 0 0 0 0 0 0 4 4
29 29 -1 0 0 22 11 0 0 0 0 0 0 0 5 5 0 0 0 0 0 0 0 0 0 0 0 5 5
21 12 0 0 0 16 9 1 0 0 0 0 0 0 4 4 0 0 0 0 0 0 0 0 0 0 0 4 5
29 27 0 0 0 20 10 0 0 0 0 0 0 0 5 5 0 0 0 0 0 0 0 0 0 0 0 5 5
25 22 1 0 -1 16 8 0 0 0 0 0 0 0 4 3 0 0 0 0 0 0 0 0 0 0 0 3 4
23 25 0 0 1 18 9 1 0 1 0 0 0 0 4 3 0 0 0 0 0 0 0 0 0 0 0 3 3
21 20 -2 -1 -2 14 7 -2 -1 0 0 0 -1 -1 3 2 0 0 0 0 0 0 0 0 0 0 0 2 4 1 0 0 0 0 0 0 0 0 0 0 0 0 0 0 0 0 0 0 0 0 0 0 0 0 0 0 0 0 0 0 0 0 1
24 23 0 0 0 17 9 0 0 0 0 0 0 0 4 4 0 0 0 0 0 0 0 0 0 0 0 3 2 -1 0 0 0 0 0 0 0 0 0 0 0 0 -1 0 0 0 0 0 0 0 0 0 0 1 1 0 0 0 0 0 1 0 -1 -1
8 7 -5 3 -4 2 -1 -2 5 2 1 1 2 1 1 3 0 1 1 0 1 1 1 0 0 1 -1 3 1 -1 0 0 1 1 1 -1 -1 1 0 0 1 0 -1 1 1 0 0 1 -1 0 1 1 1 1 1 1 0 0 -1 0 1 1 -1 -1
14 25 2 2 0 19 10 0 0 1 0 0 0 0 4 5 0 0 0 0 0 0 0 0 0 0 0 5 5
28 26 0 0 0 21 11 0 0 0 0 0 0 0 5 6 0 0 0 0 0 0 0 0 0 0 0 6 5
21 25 0 0 0 20 11 0 0 0 0 0 0 0 5 5 0 0 0 0 0 0 0 0 0 0 0 5 5
29 28 -1 0 0 21 11 0 0 0 0 0 0 0 5 5 0 0 0 0 0 0 0 0 0 0 0 5 5
31 29 0 0 0 22 11 0 0 0 0 0 0 0 5 5 0 0 0 0 0 0 0 0 0 0 0 5 5
32 30 0 0 0 23 12 0 0 0 0 0 0 0 6 6 0 0 0 0 0 0 0 0 0 0 0 6 6
33 27 0 0 0 16 6 0 0 0 0 0 0 0 2 1
2 2 0 0 0 1 1
2 2 0 0 0 1 1
2 2 0 0 0 1 1
2 2 0 0 0 2 1
2 2 0 0 0 1 1
2 2 0 0 0 1 1
2 2 0 0 0 1 1
1 1 0 0 0 1 1
1 1 0 0 0 1
1 1
1 1 0 0 0 1
1 1 0 0 0 1
1 1 0 0 0 1 1
1 1 0 0 0 1 1
1 1 0 0 0 1 1
1 1 0 0 0 1 1
1 1 0 0 0 1

-1 -1 0 0 0 -1
-2 -2 0 0 0 -1 -1
-2 -2 0 0 0 -1 -1
-1 -1 0 0 0 -1 -1

1

1 0 0 0 0 0 0 0 0 0 0 0 0 0 -1 -2 0 0 0 0 0 0 0 0 0 0 1 -1 0 0 0 0 0 0 0 0 0 0 0 0 0 0 1 1 0 0 0 0 0 0 0 0 0 0 0 0 0 0 1 0 0 1 0 1
9 17 3 1 1 18 11 -2 1 1 0 1 1 0 5 5 0 0 0 0 0 0 0 0 0 0 0 4 3 -1 0 0 0 0 0 1 0 0 0 0 0 -1 -2 -1 -1 0 0 0 0 0 0 0 -1 0 0 -1 0 0 0 -1 0 -1 -1 -2
9 3 -9 0 -5 -2 -3 0 0 -1 -1 -1 -2 1 -3 -3 1 -1 0 0 0 0 -1 -1 -1 0 0 -4 -4 0 0 -1 0 0 0 -2 -1 -1 -1 -1 0 0 0 0 0 0 -1 -1 0 0 0 0 0 0 0 0 0 1
-21 -20 0 0 0 -15 -8 0 0 0 0 0 0 0 -3 -1 1 0 0 0 0 0 0 0 0 0 1 1 2 0 0 0 0 0 0 0 0 0 0 0 0 0 -1 1 0 1 0 0 0 0 0 0 0 1 0 0 0 1 1 0 1 1 0 -1
18 18 -1 0 1 13 6 0 0 0 0 0 0 0 3 3 0 0 0 0 0 0 0 0 0 0 0 3 4
24 24 -1 0 0 17 9 0 0 0 0 0 0 0 4 4 0 0 0 0 0 0 0 0 0 0 0 4 4
26 25 0 0 0 19 10 0 0 0 0 0 0 0 5 5 0 0 0 0 0 0 0 0 0 0 0 5 5
28 27 0 0 0 21 11 0 0 0 0 0 0 0 5 5 0 0 0 0 0 0 0 0 0 0 0 4 4
26 27 1 0 0 21 10 0 0 0 0 0 0 0 5 4 0 0 0 0 0 0 0 0 0 0 0 4 4
26 26 0 0 0 20 11 0 0 0 0 0 0 0 6 5 0 0 0 0 0 0 0 0 0 0 0 4 5
29 27 0 0 1 20 10 0 0 0 0 0 0 0 5 5 0 0 0 0 0 0 0 0 0 0 0 5 5
28 27 -2 -1 -1 19 9 0 0 0 0 0 0 0 4 4 0 0 0 0 0 0 0 0 0 0 0 4 4
20 18 -1 0 0 13 7 -1 0 0 0 0 0 0 4 3 0 0 0 0 0 0 0 0 0 0 0 4 5 0 0 0 0 0 0 0 0 0 0 1
24 21 0 -1 -1 14 7 0 0 0 0 0 0 0 3 3 0 0 0 0 0 0 0 0 0 0 0 3 3
25 26 -4 -1 0 18 9 0 0 -1 0 0 0 0 4 4 0 0 0 0 0 0 0 0 0 0 0 4 3 0 0 0 0 0 0 -1
19 16 -1 0 -1 11 6 -1 1 0 0 0 0 0 3 2 0 0 0 0 0 0 0 0 0 0 0 2 1
-4 -13 -1 1 3 -15 -7 3 3 0 0 1 1 2 -4 -5 1 1 1 0 0 0 0 1 1 1 0 -5 -5 0 1 1 1 1 1 0 1 1 1 1 0 0 0 0 0 0 1 1 1 1 1 0 0 0 0 0 1 1
-28 -20 1 -2 -1 -12 -5 2 -4 0 0 0 -2 2 -2 -2 1 0 0 0 0 -1 0 -1 0 0 0 -1 1 -1 -1 0 0 0 -1 0 0 -1 0 0 -1 0 -1 -1 -1 0 0 0 1 1 0 -1 -1 0 0 -1 -1 1 0 0 0 -1 -1 -1
7 18 0 0 1 19 9 0 0 0 0 0 0 0 4 4 0 0 0 0 0 0 0 0 0 0 0 4 4
25 23 0 1 -1 17 9 -2 1 0 0 0 0 -1 4 4 0 0 0 0 0 0 0 0 0 0 0 4 3 1 0 0 0 0 0 0 0 0 0 0 0 0 1 0 0 0 0 0 0 -1 0 0 0 0 0 0 0 0 0 0 0 0 1 1
20 28 0 0 -1 21 11 0 0 0 0 0 0 0 5 5 0 0 0 0 0 0 0 0 0 0 0 4 4
26 25 0 0 0 19 9 0 0 0 0 0 0 0 4 5 0 0 0 0 0 0 0 0 0 0 0 5 5
28 27 0 0 0 20 10 0 0 0 0 0 0 0 5 5 0 0 0 0 0 0 0 0 0 0 0 5 5
30 28 0 0 0 21 11 0 0 0 0 0 0 0 5 5 0 0 0 0 0 0 0 0 0 0 0 5 5
30 24 1 0 0 15 5 0 0 0 0 0 0 0 1 1 0 0 0 0 0 0 0 0 0 0 0 1 2
9 9 0 -1 -1 7 4 -1 -1 0 0 0 0 0 2 2 0 0 0 0 0 0 0 0 0 0 0 2 2
11 11 -2 0 -2 9 5 -2 0 0 0 0 0 -1 2 3 0 0 0 0 0 0 0 0 0 0 0 3 3
16 16 -3 -2 -2 12 6 -2 -1 -1 0 0 -1 -1 3 3 0 0 0 0 0 0 0 0 0 0 0 3 3
17 16 -3 -1 -2 12 6 -2 -1 -1 0 0 -1 -1 3 3 0 0 0 0 0 0 0 0 0 0 0 3 3
15 14 -2 -2 -1 10 5 -1 -2 -1 0 0 -1 0 2 2 0 0 0 0 0 0 0 0 0 0 0 2 1
5 3 0 0 0 2 1
2 2 0 0 0 1 1
1 1 0 0 0 1 1
1 1 0 0 0 1
1 1 0 0 0 1
1 1 0 0 0 1
1 1 0 0 0 1 1
2 1 0 0 0 1 1
2 1 0 0 0 1 1
2 1 0 0 0 1 1
1 1 0 0 0 1 1
1 1

-1 -1 0 0 0 -1
-1 -1 0 0 0 -1 -1
-1 -1 0 0 0 -1 -1
-1 -1 0 0 0 -1 -1


1
0 0 0 0 0 0 -1 0 0 0 0 0 0 0 -2 -3 0 0 0 0 0 0 0 0 0 0 0 -3 -3
-15 -13 0 0 1 -8 -3 3 1 0 0 0 0 1 0 1 1 0 0 0 0 0 0 0 0 1 1 2 3 0 1 0 0 0 0 0 0 0 0 0 0 0 0 0 0 1 0 0 1 1 1 0 1 0 0 0 1 1 1
20 22 -1 1 0 17 9 0 0 1 0 0 0 0 4 4 0 0 0 0 0 0 0 0 0 0 0 4 3 0 0 0 0 0 0 0 0 0 0 0 0 0 -1 -1 0 0 0 0 0 0 0 0 0 -1 -1 0 0 0 0 0 -1 -1 0 -1
13 6 -9 -2 -7 2 -1 -3 -1 -1 0 -1 -1 0 -2 -3 1 -1 -1 -1 0 -1 0 0 0 0 0 -3 -3 0 0 -1 -1 -1 0 -2 -1 0 0 -1 0 0 0 0 0 0 -1 -1 -1 0 0 0 0 0 0 0 0 1
-15 -6 2 1 6 2 4 2 2 1 0 1 1 -1 3 3 0 0 0 0 0 0 0 0 0 0 0 3 4 0 0 0 0 0 1 0 1 0 0 0 0 0 0 0 0 0 0 0 1
27 26 0 0 0 20 10 0 0 0 0 0 0 0 5 5 0 0 0 0 0 0 0 0 0 0 0 5 5
29 27 0 0 0 21 11 0 0 0 0 0 0 0 5 5 0 0 0 0 0 0 0 0 0 0 0 5 5
31 29 0 0 0 22 11 0 0 0 0 0 0 0 4 4 0 0 0 0 0 0 0 0 0 0 0 4 4
24 24 0 0 0 19 10 0 0 0 0 0 0 0 5 5 0 0 0 0 0 0 0 0 0 0 0 4 5
25 28 -2 1 0 22 11 0 0 0 0 0 0 0 5 5 0 0 0 0 0 0 0 0 0 0 0 4 4
26 25 1 0 0 20 11 0 0 0 0 0 0 0 5 5 0 0 0 0 0 0 0 0 0 0 0 5 5
28 25 0 0 0 18 9 0 0 0 0 0 0 0 4 4 0 0 0 0 0 0 0 0 0 0 0 4 4
25 24 -1 0 -1 19 8 -1 1 0 0 0 0 1 2 4 0 0 0 0 0 0 0 0 0 0 0 4 3 1 0 0 0 0 0 0 0 0 0 0 0 0 1 0 0 0 0 0 0 1 0 0 0 0 -1 0 0 0 0 0 0 0 1 1
21 22 0 2 -1 14 6 0 1 0 0 0 0 0 3 4 0 0 0 0 0 0 0 0 0 0 0 4 4 0 0 0 0 0 0 0 0 0 0 0 0 0 1 0 0 0 0 0 0 0 0 0 0 0 0 0 0 0 0 0 0 0 0 1
22 21 2 0 1 15 8 0 1 0 0 0 0 0 3 4 0 0 0 0 0 0 0 0 0 0 0 4 4
21 19 0 0 0 14 7 -1 0 0 0 0 0 0 3 3 0 0 0 0 0 0 0 0 0 0 0 2 1
9 -2 1 -1 0 -7 -1 0 -1 0 0 0 -1 -1 0 1 0 0 0 0 0 0 0 0 0 -1 -1 1 1 -1 0 0 0 0 0 0 0 0 0 0 0 0 0 0 0 0 0 0 0 0 -1 0 0 0 0 0 0 0 -1 0 0 0 -1
10 13 -5 -2 -5 12 8 -2 -3 -1 0 -1 -1 0 5 4 0 0 0 0 0 0 0 0 0 0 0 5 2 0 0 0 0 0 -1 -1 -1 -1 0 0 0 0 0 0 0 0 0 0 -1
11 17 -1 0 0 16 9 0 0 0 0 0 0 0 4 4 0 0 0 0 0 0 0 0 0 0 0 4 4
19 18 3 0 0 14 7 -2 0 0 0 0 0 -1 3 3 0 0 0 0 0 0 0 0 0 0 0 3 4 0 0 0 0 0 0 1 0 0 0 0 0 0 -1 0 0 0 0 0 0 0 0 0 0 0 0 0 0 0 0 0 0 0 0 -1
20 22 -1 0 1 18 9 1 1 0 0 0 0 0 4 4 0 0 0 0 0 0 0 0 0 0 0 4 3
16 13 1 1 3 8 3 3 0 0 0 0 0 0 1 3 0 0 0 0 0 0 0 0 0 0 0 4 4 0 0 0 0 0 0 0 1 0 0 0 0 0 0 0 0 0 0 0 1
23 22 0 0 0 17 9 0 0 0 0 0 0 0 4 4 0 0 0 0 0 0 0 0 0 0 0 4 4
25 24 0 0 0 18 9 0 0 0 0 0 0 0 5 5 0 0 0 0 0 0 0 0 0 0 0 5 4
24 22 0 0 0 17 9 0 0 0 0 0 0 0 4 4 0 0 0 0 0 0 0 0 0 0 0 4 4
25 22 0 0 1 14 7 1 0 0 0 0 0 0 4 4 0 0 0 0 0 0 0 0 0 0 0 4 4
22 21 0 0 0 15 8 0 0 0 0 0 0 0 4 4 0 0 0 0 0 0 0 0 0 0 0 4 4
25 24 0 0 0 18 9 0 0 0 0 0 0 0 4 4 0 0 0 0 0 0 0 0 0 0 0 4 4
25 24 0 0 0 18 9 0 0 0 0 0 0 0 4 4 0 0 0 0 0 0 0 0 0 0 0 5 5
27 26 0 0 0 21 11 0 0 0 0 0 0 0 5 5 0 0 0 0 0 0 0 0 0 0 0 5 4
14 8 0 0 0 4 2
3 2 0 0 0 2 1
2 2 0 0 0 1 1
1 1 0 0 0 1 1
1 1 0 0 0 1
1 1 0 0 0 1
1 1 0 0 0 1 1
2 2 0 0 0 1 1
2 2 0 0 0 1 1
2 2 0 0 0 1
1 1 0 0 0 1

0 0 0 0 0 -1
-1 -1 0 0 0 -1
-1 -1 0 0 0 -1 -1
-1 -1 0 0 0 -1 -1
-1 -1 0 0 0 -1
1 1
1 1 0 0 0 1

1 0 0 0 0 1 -2 0 0 0 0 0 0 0 -3 -3 0 0 0 0 0 0 0 0 0 0 0 -3 -2
-13 -12 0 0 0 -9 -4 0 0 0 0 0 0 0 -2 -2 0 0 0 0 0 0 0 0 0 0 0 -2 -2
-10 -7 4 1 3 -1 2 2 1 0 0 0 1 1 2 3 0 1 0 0 0 0 0 0 0 0 0 3 4 0 0 1 0 0 0 1 1 1 0 0 0 0 0 0 0 0 1 1 1 1
22 22 -1 0 0 16 8 0 0 0 0 0 0 0 4 4 0 0 0 0 0 0 0 0 0 0 0 4 2 -1 0 0 0 0 0 0 0 0 0 0 0 -1 -1 -1 -1 0 0 0 0 0 0 0 -1 0 0 -1 0 0 0 -1 0 -1 -1 -1
4 -3 -6 -1 0 -8 -4 1 -3 -1 0 0 0 0 -1 1 0 0 0 -1 -1 0 0 -1 0 0 0 1 2 0 0 0 0 0 -1 -1
22 24 0 0 0 18 10 0 0 0 0 0 0 0 5 5 0 0 0 0 0 0 0 0 0 0 0 5 5
29 27 0 0 0 21 11 0 0 0 0 0 0 0 5 5 0 0 0 0 0 0 0 0 0 0 0 5 5
30 28 0 0 0 21 9 0 0 0 0 0 0 0 4 4 0 0 0 0 0 0 0 0 0 0 0 4 4
26 25 0 0 0 19 10 0 0 0 0 0 0 0 5 5 0 0 0 0 0 0 0 0 0 0 0 5 5
30 26 -2 -1 0 20 11 1 1 0 0 0 0 0 5 5 0 0 0 0 0 0 0 0 0 0 0 5 4
28 26 0 0 0 20 10 0 0 0 0 0 0 0 5 5 0 0 0 0 0 0 0 0 0 0 0 5 5
28 27 -1 0 -1 21 11 0 0 0 0 0 0 0 5 5 0 0 0 0 0 0 0 0 0 0 0 5 5
28 27 0 0 1 20 10 1 0 0 0 0 0 0 5 4 0 0 0 0 0 0 0 0 0 0 0 4 4
25 23 1 0 1 17 9 1 0 1 0 0 0 0 4 3 0 0 0 0 0 0 0 0 0 0 0 3 3
15 14 2 2 3 9 8 3 1 0 0 0 0 0 4 4 0 0 0 0 0 0 0 0 0 0 0 4 4 0 0 0 0 0 0 0 1 0 0 0 0 0 0 0 0 0 0 0 1
21 19 1 -1 1 14 8 1 0 0 0 0 0 0 3 4 0 0 0 0 0 0 0 0 0 0 0 3 3
19 16 -1 -1 0 12 7 -1 -1 0 0 0 0 0 3 3 0 0 0 0 0 0 0 0 0 0 0 3 3
17 17 -1 1 -1 12 6 0 0 0 0 0 0 0 3 3 0 0 0 0 0 0 0 0 0 0 0 3 3
16 15 -2 -1 -2 12 7 -1 0 0 0 0 0 0 3 3 1 0 0 0 0 0 0 0 0 0 0 3 4 0 0 0 0 0 0 0 0 0 0 0 0 0 0 0 0 0 0 0 0 0 0 0 0 0 0 0 0 1
21 20 -1 0 0 16 9 0 0 0 0 0 0 0 4 5 0 0 0 0 0 0 0 0 0 0 0 5 4
19 16 1 0 0 11 5 0 0 0 0 0 0 0 3 2 1 0 0 0 0 0 0 0 0 0 0 2 2 0 0 0 0 0 0 0 0 0 0 0 0 0 0 0 0 0 0 0 0 0 0 0 0 0 0 0 0 1
14 13 0 -1 0 11 6 0 0 0 0 0 0 0 3 4 0 0 0 0 0 0 0 0 0 0 0 4 4
23 23 1 -1 0 18 9 0 -1 0 0 0 0 0 4 4 0 0 0 0 0 0 0 0 0 0 0 4 4
26 24 -1 -1 -1 18 9 0 -1 0 0 0 0 0 4 5 0 0 0 0 0 0 0 0 0 0 0 5 4
25 25 -2 0 -1 17 9 -1 0 0 0 0 0 0 4 4 0 0 0 0 0 0 0 0 0 0 0 4 4
23 21 2 -2 2 15 7 2 -1 0 0 0 0 0 3 3 0 0 0 0 0 0 0 0 0 0 0 4 4 0 0 0 0 0 0 0 1
22 22 0 0 -1 17 9 0 0 0 0 0 0 0 4 4 0 0 0 0 0 0 0 0 0 0 0 4 4
25 23 0 -1 0 17 9 0 0 0 0 0 0 0 4 4 0 0 0 0 0 0 0 0 0 0 0 4 4
26 25 0 0 0 19 10 0 -1 0 0 0 0 0 5 5 0 0 0 0 0 0 0 0 0 0 0 5 5
30 29 0 0 0 21 10 0 0 0 0 0 0 0 4 3 0 0 0 0 0 0 0 0 0 0 0 2 1
4 3 1 0 0 2 1
2 2 0 0 0 2 1
2 2 0 0 0 1 1
2 2 0 0 0 1 1
1 2 0 0 0 1 1
2 2 0 0 0 1 1
2 2 0 0 0 1 1
2 2 0 0 0 1 1
2 2 0 0 0 2 1
2 2 0 0 0 1
1 1

-1 -1 0 0 0 -1
-1 -1 0 0 0 -1
-1 -1 0 0 0 -1 -1
-1 -1 0 0 0 -1 -1
-1 -1 0 0 0 -1

1 1
1
1 1 0 0 0 1 0 0 0 0 0 0 0 0 -1 -3 0 0 0 0 0 0 0 0 0 0 0 -3 -3
-15 -14 0 0 0 -9 -5 0 0 0 0 0 0 0 -2 -2 0 0 0 0 0 0 0 0 0 0 0 -2 -2
-11 -11 0 0 0 -8 -5 0 0 0 0 0 0 0 -2 -2 0 0 0 0 0 0 0 0 0 0 0 -2 -2 0 0 0 0 0 0 0 0 0 0 0 0 0 1 0 0 0 0 0 0 0 0 0 0 0 0 0 0 0 0 0 0 0 0 1
-12 -8 5 1 4 -1 1 3 1 0 0 0 1 1 2 3 0 1 1 0 0 0 0 1 0 0 0 3 4 0 0 0 0 1 0 1 1 1 0 0 0 0 0 0 0 0 0 1 1 1
21 19 0 0 0 15 5 0 0 0 0 0 0 -1 1 0 -1 0 0 0 0 0 0 0 0 0 0 -2 -2 0 0 0 0 0 0 0 0 0 0 0 0 0 0 0 0 0 0 0 0 -1 0 0 0 0 0 0 0 -1
-3 7 3 1 1 10 7 0 1 1 0 1 0 0 4 4 0 0 0 0 0 0 0 0 0 0 0 4 4
24 23 0 0 1 17 9 1 0 0 0 0 0 0 4 4 0 0 0 0 0 0 0 0 0 0 0 4 4
26 24 0 0 0 15 8 0 0 0 0 0 0 0 4 4 0 0 0 0 0 0 0 0 0 0 0 4 5
27 26 0 0 0 20 10 0 0 0 0 0 0 0 5 5 0 0 0 0 0 0 0 0 0 0 0 5 5
29 27 0 0 0 21 10 0 0 0 0 0 0 0 4 5 0 0 0 0 0 0 0 0 0 0 0 5 4
25 24 0 0 1 18 9 1 0 0 0 0 0 0 4 5 0 0 0 0 0 0 0 0 0 0 0 5 5
27 26 1 1 -1 21 13 -2 2 0 0 0 0 0 6 6 0 0 0 0 0 0 0 0 0 0 0 6 6
32 27 -1 0 -1 18 8 0 -1 0 0 0 0 0 4 3 0 0 0 0 0 0 0 0 0 0 0 3 4
24 25 -1 0 -1 19 10 0 0 0 0 0 0 0 4 4 0 0 0 0 0 0 0 0 0 0 0 5 4
26 20 -1 -1 0 18 8 -1 0 0 0 0 0 0 5 5 0 0 0 0 0 0 0 0 0 0 0 4 5
32 30 0 0 0 22 11 0 0 0 0 0 0 0 5 4 0 0 0 0 0 0 0 0 0 0 0 4 4
23 21 1 0 1 15 8 0 0 0 0 0 0 0 4 4 0 0 0 0 0 0 0 0 0 0 0 4 4
21 21 -1 0 -1 16 8 0 0 0 0 0 0 0 4 4 0 0 0 0 0 0 0 0 0 0 0 4 4
24 23 -1 0 -1 17 8 -1 0 0 0 0 0 0 3 3 0 0 0 0 0 0 0 0 0 0 0 4 4
23 25 -1 0 0 19 9 0 0 0 0 0 0 0 3 3 0 0 0 0 0 0 0 0 0 0 0 3 3
18 20 -1 0 -2 17 8 -1 -1 0 0 0 -1 0 3 4 0 0 0 0 0 0 0 0 0 0 0 4 3 0 0 0 0 0 0 0 -1
23 22 -3 0 -3 14 8 -3 0 0 0 1 1 0 5 5 0 0 0 0 0 0 0 0 0 0 0 5 5 0 0 0 0 0 0 0 -1 0 0 0 0 0 0 0 0 0 0 0 -1
30 28 0 0 0 21 11 0 0 0 0 0 0 0 5 4 0 0 0 0 0 0 0 0 0 0 0 5 5
27 28 0 0 0 22 11 0 0 0 0 0 0 0 5 5 0 0 0 0 0 0 0 0 0 0 0 5 5
28 28 0 0 0 19 11 0 0 0 0 0 0 0 5 5 0 0 0 0 0 0 0 0 0 0 0 5 5
30 26 0 0 0 19 8 1 1 0 0 0 0 0 3 2 0 0 0 0 0 0 0 0 0 0 0 3 4
21 22 0 0 0 20 10 0 0 0 0 0 0 0 4 4 0 0 0 0 0 0 0 0 0 0 0 5 4
25 25 0 0 -1 19 9 -1 0 0 0 0 0 0 4 4 0 0 0 0 0 0 0 0 0 0 0 3 2 1 0 0 0 0 0 0 0 0 0 0 0 0 1 0 0 0 0 0 0 0 0 0 0 0 0 0 0 0 0 0 0 0 1 1
20 28 1 1 0 21 9 0 0 0 0 0 0 0 5 5 0 0 0 0 0 0 0 0 0 0 0 4 4
22 17 1 1 2 8 3 2 1 0 0 0 0 0 1 1 0 0 0 0 0 0 0 0 0 0 0 1 1
3 3 0 0 0 2 1
3 3 0 0 0 2 1
2 2 0 0 0 1 1
2 2 0 0 0 1 1
2 2 0 0 0 1 1
3 2 0 0 0 2 1
2 2 0 0 0 2 1
2 2 0 0 0 2 1
2 2 0 0 0 2 1
2 1 0 0 0 1 1
1 1

-1 -1 0 0 0 -1
-1 -1 0 0 0 -1
-1 -1 0 0 0 -1 -1
-1 -1 0 0 0 -1 -1
-1 -1 0 0 0 -1

1 1 0 0 0 1
1 1 0 0 0 1
2 2 0 0 0 1 1 0 0 0 0 0 0 0 0 0 0 0 0 0 0 0 0 0 0 0 0 -1 -2
-16 -16 1 0 0 -12 -6 0 0 0 0 0 0 0 -3 -3 0 0 0 0 0 0 0 0 0 0 0 -2 -2
-14 -13 0 0 0 -9 -5 0 0 0 0 0 0 0 -2 -2 0 0 0 0 0 0 0 0 0 0 0 -2 -2
-13 -13 0 0 0 -11 -6 0 0 0 0 0 0 0 -3 -3 0 0 0 0 0 0 0 0 0 0 0 -2 -1 1 0 0 0 0 0 0 0 0 0 0 0 0 1 0 0 0 0 0 0 0 0 0 0 0 0 0 0 0 0 0 0 0 1 1
-2 5 3 2 1 8 5 -1 2 1 0 1 1 -1 3 3 0 0 0 0 0 0 0 0 0 0 0 2 1 0 0 0 0 0 0 1 0 0 0 0 0 0 -1 0 0 0 0 0 0 0 0 0 0 0 0 0 0 0 0 0 0 0 0 -1
2 -3 -5 0 -2 -3 -1 1 0 0 0 0 0 1 0 1 1 0 0 0 0 0 0 0 0 0 1 2 2 0 0 0 0 0 0 -1 -1 0 0 0 0 1 0 0 0 0 0 0 0 1 0 0 0 0 0 0 0 1 1 1
18 18 0 0 0 14 7 0 0 0 0 0 0 0 3 3 0 0 0 0 0 0 0 0 0 0 0 4 4
21 20 0 0 0 15 7 0 0 0 0 0 0 0 3 4 0 0 0 0 0 0 0 0 0 0 0 4 4
24 23 1 0 0 18 9 0 0 0 0 0 0 0 4 5 0 0 0 0 0 0 0 0 0 0 0 5 4
27 26 -1 -1 0 20 10 0 0 0 0 0 0 0 5 5 0 0 0 0 0 0 0 0 0 0 0 5 5
29 28 -1 0 -1 21 11 -1 0 0 0 0 0 0 5 5 0 0 0 0 0 0 0 0 0 0 0 5 5
30 27 -1 0 -2 13 8 -2 -1 0 0 0 -1 0 5 5 0 0 0 0 0 0 0 0 0 0 0 5 5 0 0 0 0 0 0 0 0 0 0 0 0 0 0 0 0 0 0 0 -1
30 28 0 0 0 19 9 0 0 0 0 0 0 0 4 4 0 0 0 0 0 0 0 0 0 0 0 4 4
20 20 -1 -1 0 15 9 1 1 0 0 0 0 0 4 5 0 0 0 0 0 0 0 0 0 0 0 5 5
29 29 0 0 0 23 11 0 0 0 0 0 0 0 5 5 0 0 0 0 0 0 0 0 0 0 0 5 5
28 26 0 0 0 20 10 0 0 0 0 0 0 0 5 5 0 0 0 0 0 0 0 0 0 0 0 5 4
26 24 -1 0 0 18 9 0 0 0 0 0 0 0 4 4 0 0 0 0 0 0 0 0 0 0 0 4 5
27 26 -1 0 -1 20 10 0 0 0 0 0 0 0 5 5 0 0 0 0 0 0 0 0 0 0 0 5 5
28 25 -1 0 0 18 8 0 0 0 0 0 0 0 4 4 0 0 0 0 0 0 0 0 0 0 0 4 4
19 21 0 0 1 17 9 0 -1 0 0 0 0 -1 5 5 -1 0 0 0 0 0 0 0 0 0 0 5 4 0 0 0 0 0 0 0 0 0 0 0 0 0 0 0 0 0 0 0 0 0 0 0 0 0 0 0 0 -1
25 22 -2 1 0 16 7 1 1 0 0 0 0 1 3 3 0 0 0 0 0 0 0 0 0 0 0 3 3 0 0 0 0 0 0 0 0 0 0 0 0 0 0 0 0 0 0 0 0 1
16 16 -2 -1 -1 17 11 -2 -1 0 0 0 -1 0 5 5 0 0 0 0 0 0 0 0 0 0 0 5 5 0 0 0 0 0 0 0 0 0 0 0 0 0 0 0 0 0 0 0 -1
31 28 0 0 -1 21 11 0 0 0 0 0 0 0 5 5 0 0 0 0 0 0 0 0 0 0 0 5 5
31 30 0 0 0 22 12 0 0 0 0 0 0 0 5 5 0 0 0 0 0 0 0 0 0 0 0 5 6
32 30 0 0 0 22 11 0 0 0 0 0 0 0 5 5 0 0 0 0 0 0 0 0 0 0 0 5 4
24 23 1 0 -1 19 10 -2 0 0 0 0 0 -1 5 5 0 0 0 0 0 0 0 0 0 0 0 5 5
27 26 -1 0 0 20 10 0 0 0 0 0 0 0 5 4 0 0 0 0 0 0 0 0 0 0 0 4 4
25 24 0 0 0 18 9 0 0 0 0 0 0 0 5 5 0 0 0 0 0 0 0 0 0 0 0 4 1
10 20 -2 0 0 16 6 1 1 0 0 0 0 0 2 2 0 0 0 0 0 0 0 0 0 0 0 1 1
5 4 1 0 1 3 1 0 0 0 0 0 0 0 1 1 0 0 0 0 0 0 0 0 0 0 0 1 1
3 3 0 0 0 2 1
3 3 0 0 0 2 1
2 2 0 0 0 2 1
2 2 0 0 0 1 1
3 2 0 0 0 2 1
3 3 0 0 0 2 1
3 3 0 0 0 2 1
3 3 0 0 0 2 1
3 3 0 0 0 2 1
2 2 0 0 0 1
1 1
-1 -1
-1 -1 0 0 0 -1
-1 -1 0 0 0 -1
-1 -1 0 0 0 -1
-1 -1 0 0 0 -1
-1 -1 0 0 0 -1
1 1 0 0 0 1 1
2 2 0 0 0 1 1
3 2 0 0 0 2 1
3 2 0 0 0 2 1
-2 -8 0 0 -1 -11 -6 0 0 0 0 0 0 0 -3 -3 0 0 0 0 0 0 0 0 0 0 0 -3 -3
-17 -16 1 0 0 -12 -6 0 0 0 0 0 0 0 -3 -3 0 0 0 0 0 0 0 0 0 0 0 -3 -3
-15 -15 0 0 0 -11 -6 0 0 0 0 0 0 0 -3 -3 0 0 0 0 0 0 0 0 0 0 0 -3 -3
-17 -16 0 0 0 -12 -6 0 0 0 0 0 0 0 -2 -2 0 0 0 0 0 0 0 0 0 0 1 -1 0 1 0 0 0 0 0 0 0 0 0 0 0 0 1 0 0 0 0 0 0 0 0 0 0 0 0 0 0 0 1 0 0 0 1 1
2 4 0 1 -3 5 3 -2 1 0 0 0 0 0 1 1 0 0 0 0 0 0 0 0 0 0 0 0 0 0 0 0 0 0 0 0 -1 0 0 0 0 0 0 0 0 0 0 0 -1
-2 1 0 1 3 2 2 4 2 0 0 0 0 1 1 2 0 0 0 0 0 0 0 0 0 0 0 2 3 0 0 0 0 0 0 0 1 0 0 0 0 0 0 0 0 0 0 0 1 1
17 16 0 0 0 13 7 0 0 0 0 0 0 0 3 4 0 0 0 0 0 0 0 0 0 0 0 4 4
25 24 -1 0 -1 18 10 -1 0 0 0 0 0 0 5 4 0 0 0 0 0 0 0 0 0 0 0 4 4
23 22 0 0 0 16 8 0 0 0 0 0 0 0 4 4 0 0 0 0 0 0 0 0 0 0 0 4 4
22 21 1 0 0 16 8 0 0 0 0 0 0 0 4 4 0 0 0 0 0 0 0 0 0 0 0 4 5
27 25 0 0 1 19 9 0 0 0 0 0 0 0 4 5 0 0 0 0 0 0 0 0 0 0 0 5 5
28 27 0 0 0 20 10 0 0 0 0 0 0 0 5 4 0 0 0 0 0 0 0 0 0 0 0 4 4
21 19 0 0 0 13 6 0 0 0 0 0 0 0 3 3 0 0 0 0 0 0 0 0 0 0 0 3 3 1 0 0 0 0 0 0 0 0 0 0 0 0 0 0 0 0 0 0 0 0 0 0 0 0 0 0 0 0 0 0 0 0 1
29 29 -1 0 0 21 11 0 0 0 0 0 0 0 5 5 0 0 0 0 0 0 0 0 0 0 0 5 5
28 26 0 0 0 20 10 0 0 0 0 0 0 0 5 5 0 0 0 0 0 0 0 0 0 0 0 5 5
28 27 0 0 0 20 10 0 0 0 0 0 0 0 5 5 0 0 0 0 0 0 0 0 0 0 0 5 5
30 28 0 0 0 21 11 0 0 0 0 0 0 0 5 5 0 0 0 0 0 0 0 0 0 0 0 5 5
29 25 0 0 0 18 9 0 0 0 0 0 0 0 4 4 0 0 0 0 0 0 0 0 0 0 0 4 4
26 23 0 1 1 17 9 2 0 0 0 0 0 1 4 4 0 0 0 0 0 0 0 0 0 0 0 4 4
22 22 0 0 0 16 8 0 0 0 0 0 0 0 4 4 0 0 0 0 0 0 0 0 0 0 0 4 4
24 27 -1 0 0 21 11 0 0 0 0 0 0 0 5 5 0 0 0 0 0 0 0 0 0 0 0 5 5
31 29 1 -1 0 22 11 0 0 0 0 0 0 0 5 5 0 0 0 0 0 0 0 0 0 0 0 5 5
30 29 0 0 0 21 11 0 0 0 0 0 0 0 5 5 0 0 0 0 0 0 0 0 0 0 0 5 5
29 24 -2 2 -1 15 5 0 2 1 0 0 1 1 2 3 1 1 0 0 0 0 0 0 0 0 0 4 5 0 0 0 0 0 0 0 0 1 0 0 0 0 0 0 0 0 0 1 0 1 0 0 0 0 0 0 0 1
28 27 0 0 0 20 10 0 0 0 0 0 0 0 5 5 0 0 0 0 0 0 0 0 0 0 0 5 5
27 26 0 0 0 19 10 0 0 0 0 0 0 0 5 5 0 0 0 0 0 0 0 0 0 0 0 4 4
25 23 0 0 0 18 10 0 0 0 0 0 0 0 5 3 0 0 0 0 0 0 0 0 0 0 0 2 2
7 5 1 0 1 3 1 1 0 0 0 0 0 0 1 1 0 0 0 0 0 0 0 0 0 0 0 1 1
4 4 0 0 0 3 1 0 0 0 0 0 0 0 1 1 0 0 0 0 0 0 0 0 0 0 0 1 1
3 3 0 0 0 2 1
3 3 0 0 0 2 1
2 2 0 0 0 2 1
3 2 0 0 0 2 1
3 3 0 0 0 2 1
3 3 0 0 0 2 1 0 0 0 0 0 0 0 1 1 0 0 0 0 0 0 0 0 0 0 0 1 1
3 3 0 0 0 2 1 0 0 0 0 0 0 0 1 1 0 0 0 0 0 0 0 0 0 0 0 1 1
3 3 0 0 0 2 1 0 0 0 0 0 0 0 1 1 0 0 0 0 0 0 0 0 0 0 0 1 1
3 3 0 0 0 2 1
2 2 0 0 0 1 1
1 1 0 0 0 1

-1 -1 0 0 0 -1
-1 -1 0 0 0 -1
-1 -1 0 0 0 -1
-1 -1 0 0 0 -1
-1 -1 0 0 0 -1
2 2 0 0 0 1 1
2 2 0 0 0 1 1
3 2 0 0 0 2 1 0 0 0 0 0 0 0 1 1 0 0 0 0 0 0 0 0 0 0 0 1 1
3 2 0 0 0 1 0 0 0 0 0 0 0 0 0 0 0 0 0 0 0 0 0 0 0 0 0 -1 -1
-12 -13 1 0 0 -9 -5 0 0 0 0 0 0 0 -2 -2 0 0 0 0 0 0 0 0 0 0 0 -2 -2
-13 -13 -1 0 0 -10 -6 0 0 0 0 0 0 0 -3 -3 0 0 0 0 0 0 0 0 0 0 0 -3 -3
-17 -16 0 0 0 -12 -6 0 0 0 0 0 0 0 -3 -3 0 0 0 0 0 0 0 0 0 0 0 -3 -3
-18 -17 0 0 0 -12 -6 0 0 0 0 0 0 0 -3 -3 0 0 0 0 0 0 0 0 0 0 0 -3 -3
-17 -16 0 0 0 -12 -5 0 0 0 0 0 0 0 -2 -1 1 0 0 0 0 0 0 0 0 0 1 0 0 1 0 0 0 0 0 0 0 0 0 0 0 0 0 0 0 0 0 0 0 0 0 0 0 0 0 0 0 1 1 0 0 0 1
4 7 -3 2 -3 7 3 0 1 0 0 0 0 0 1 1 0 0 0 0 0 0 0 0 0 0 0 0 0 0 0 0 0 0 0 -1 -1
1 1 0 0 1 5 7 1 1 0 0 0 0 0 4 4 0 0 0 0 0 0 0 0 0 0 0 4 4
23 21 0 0 0 15 7 0 0 0 0 0 0 0 3 3 0 0 0 0 0 0 0 0 0 0 0 3 3
18 18 0 0 0 13 7 0 0 0 0 0 0 0 3 3 0 0 0 0 0 0 0 0 0 0 0 3 3
20 20 0 0 0 15 8 0 0 0 0 0 0 0 4 4 0 0 0 0 0 0 0 0 0 0 0 4 4
23 22 0 0 0 17 9 0 0 0 0 0 0 0 4 5 0 0 0 0 0 0 0 0 0 0 0 5 5
28 27 0 0 0 20 10 0 0 0 0 0 0 0 5 4 0 0 0 0 0 0 0 0 0 0 0 4 4
20 18 0 0 0 12 6 0 0 0 0 0 0 0 3 3 0 0 0 0 0 0 0 0 0 0 0 3 2
15 16 -1 -1 3 17 10 0 2 0 0 0 0 0 5 4 0 0 0 0 0 0 0 0 0 0 0 4 4 0 0 0 0 0 0 0 1
26 25 0 0 0 19 10 0 0 0 0 0 0 0 5 5 0 0 0 0 0 0 0 0 0 0 0 5 5
28 28 0 1 0 20 10 -1 0 0 0 0 0 0 5 5 0 0 0 0 0 0 0 0 0 0 0 5 5
28 27 -2 -1 -1 20 10 -1 -1 -1 0 -1 -1 -1 5 4 0 0 0 0 0 0 0 0 0 0 -1 4 4 0 -1 0 0 0 0 0 0 0 0 0 0 0 0 0 0 0 0 0 0 0 0 0 0 0 0 0 -1 0 -1
24 23 -1 2 0 17 8 1 1 0 0 0 0 1 4 4 0 0 0 0 0 0 0 0 0 0 -1 5 5 0 0 0 0 0 0 0 0 0 0 0 0 0 0 0 0 0 0 0 0 0 0 0 0 0 0 0 0 0 -1
26 24 -2 0 -2 18 9 -1 0 1 0 0 0 0 4 4 0 0 0 0 0 0 0 0 0 0 0 5 5
26 25 -2 0 -2 18 10 -2 -1 0 0 0 0 0 5 5 0 0 0 0 0 0 0 0 0 0 0 5 5
29 28 0 0 0 21 11 0 0 0 0 0 0 0 5 5 0 0 0 0 0 0 0 0 0 0 0 5 5
29 27 0 0 0 20 10 0 0 0 0 0 0 0 5 5 0 0 0 0 0 0 0 0 0 0 0 5 5
29 27 -1 0 -1 20 10 0 0 0 0 0 0 0 5 5 0 0 0 0 0 0 0 0 0 0 0 4 4
24 21 -1 1 -1 16 9 -1 0 0 0 0 -1 0 4 4 0 0 0 0 0 0 0 0 0 0 0 5 5
28 27 0 0 0 21 11 0 0 0 0 0 0 0 5 5 0 0 0 0 0 0 0 0 0 0 0 5 5
29 28 0 0 0 20 10 0 0 0 0 0 0 0 5 4 0 0 0 0 0 0 0 0 0 0 0 4 4
25 26 0 0 -1 18 7 -1 0 0 0 0 0 0 2 2 0 0 0 0 0 0 0 0 0 0 0 1 1
4 4 0 0 0 2 1 0 0 0 0 0 0 0 1 1 0 0 0 0 0 0 0 0 0 0 0 1 1
3 3 0 0 0 2 1
3 3 0 0 0 2 1
3 2 0 0 0 2 1
3 2 0 0 0 2 1
3 3 0 0 0 2 1
3 3 0 0 0 2 1 0 0 0 0 0 0 0 1 1 0 0 0 0 0 0 0 0 0 0 0 1 1
4 3 0 0 0 3 1 0 0 0 0 0 0 0 1 1 0 0 0 0 0 0 0 0 0 0 0 1 1
4 4 0 0 0 3 1 0 0 0 0 0 0 0 1 1 0 0 0 0 0 0 0 0 0 0 0 1 1
4 4 0 0 0 3 1 0 0 0 0 0 0 0 1 1 0 0 0 0 0 0 0 0 0 0 0 1 1
3 3 0 0 0 2 1
2 2 0 0 0 2 1
1 1 0 0 0 1 1
1 1


-1 -1
-1 -1
-1 -1
2 2 0 0 0 2 1
2 2 0 0 0 2 1
3 3 0 0 0 2 1 0 0 0 0 0 0 0 0 0 0 0 0 0 0 0 0 0 0 0 0 0 -1
-6 -7 2 1 2 -6 -4 1 1 0 0 0 0 0 -2 -2 0 0 0 0 0 0 0 0 0 0 0 -2 -2
-12 -11 0 0 0 -8 -4 0 0 0 0 0 0 0 -2 -2 0 0 0 0 0 0 0 0 0 0 0 -2 -2
-12 -11 0 0 0 -8 -4 0 0 0 0 0 0 0 -2 -2 0 0 0 0 0 0 0 0 0 0 0 -2 -2
-12 -12 -1 0 -1 -9 -5 0 0 0 0 0 0 0 -2 -2 0 0 0 0 0 0 0 0 0 0 0 -2 -2
-13 -13 0 0 0 -10 -5 0 0 0 0 0 0 0 -2 -2 0 0 0 0 0 0 0 0 0 0 0 -3 -3
-15 -14 0 0 0 -11 -5 0 0 0 0 0 0 0 -3 -3 0 0 0 0 0 0 0 0 0 0 0 -3 -3
-15 -14 0 0 0 -9 -3 1 0 0 0 0 1 1 -1 0 1 1 0 0 0 0 0 0 0 0 0 1 1 0 0 0 0 0 0 0 0 0 0 0 0 0 0 0 0 0 0 1 0 1 0 0 0 0 0 0 0 1
7 7 -1 0 -1 3 3 -1 0 0 0 0 1 0 1 2 0 1 0 0 0 0 0 0 0 1 0 2 2 0 1 0 0 0 0 0 0 0 0 0 1 1 0 1 1 0 0 1 0 0 1 1 0 1 0 1 1 0 0 1 1 1
9 9 -2 3 -2 6 3 -2 3 1 0 1 1 -1 2 2 0 1 1 0 0 1 0 0 1 0 0 2 2 0 0 1 0 1 1 0 0 1 1 0 1 0 0 0 0 0 1 1 0 0 0 1
13 13 -3 1 -2 11 6 -1 1 1 0 1 0 0 3 3 0 0 0 0 0 0 0 0 0 0 0 3 4
21 20 0 0 0 15 8 0 0 0 0 0 0 0 4 4 0 0 0 0 0 0 0 0 0 0 0 4 4
23 22 0 0 0 17 9 0 0 0 0 0 0 0 4 5 0 0 0 0 0 0 0 0 0 0 0 5 5
27 25 0 0 0 18 9 0 0 0 0 0 0 0 4 4 0 0 0 0 0 0 0 0 0 0 0 4 3
19 18 0 0 0 14 7 0 0 0 0 0 0 0 4 4 0 0 0 0 0 0 0 0 0 0 0 4 4
25 24 -2 0 -2 19 10 -2 -1 0 0 0 -1 0 5 5 0 0 0 0 0 0 0 0 0 0 0 5 5
30 29 0 0 0 22 11 0 0 0 0 0 0 0 5 5 0 0 0 0 0 0 0 0 0 0 0 5 5
30 29 0 0 0 21 10 0 0 0 0 0 0 0 5 5 0 0 0 0 0 0 0 0 0 0 0 5 5
27 25 1 0 1 18 9 0 0 0 0 0 0 0 4 4 0 0 0 0 0 0 0 0 0 0 0 4 4
23 22 1 0 0 17 9 0 0 0 0 0 0 0 4 5 0 0 0 0 0 0 0 0 0 0 0 5 5
29 29 -1 1 0 22 11 -1 0 0 0 0 0 0 5 5 0 0 0 0 0 0 0 0 0 0 0 5 5
28 26 0 0 0 20 10 0 0 0 0 0 0 0 5 5 0 0 0 0 0 0 0 0 0 0 0 5 5
28 26 0 0 0 20 10 0 0 0 0 0 0 0 5 5 0 0 0 0 0 0 0 0 0 0 0 5 5
27 25 0 1 0 19 10 1 0 0 0 0 0 0 4 4 0 0 0 0 0 0 0 0 0 0 0 4 4
23 22 -3 0 -2 16 8 -1 1 1 0 1 1 0 4 4 0 0 0 0 0 0 0 0 0 0 0 4 4 0 0 0 0 0 0 -1
22 21 0 0 0 16 8 0 0 0 0 0 0 0 4 4 0 0 0 0 0 0 0 0 0 0 0 4 5
27 27 0 0 0 21 11 0 0 0 0 0 0 0 5 5 0 0 0 0 0 0 0 0 0 0 0 5 5
29 27 0 0 0 20 10 0 0 0 0 0 0 0 5 5 0 0 0 0 0 0 0 0 0 0 0 4 4
20 15 2 1 1 8 3 0 1 0 0 0 0 0 1 1 0 0 0 0 0 0 0 0 0 0 0 1 1
3 3 0 0 0 2 1 0 0 0 0 0 0 0 1 1 0 0 0 0 0 0 0 0 0 0 0 1 1
3 3 0 0 0 2 1
3 2 0 0 0 2 1
3 3 0 0 0 2 1
3 2 0 0 0 2 1
3 3 0 0 0 2 1 0 0 0 0 0 0 0 0 0 0 0 0 0 0 0 0 0 0 0 0 1 1
3 3 0 0 0 2 1 0 0 0 0 0 0 0 1 1 0 0 0 0 0 0 0 0 0 0 0 1 1
4 3 0 0 0 3 1 0 0 0 0 0 0 0 1 1 0 0 0 0 0 0 0 0 0 0 0 1 1
4 4 0 0 0 3 1 0 0 0 0 0 0 0 1 1 0 0 0 0 0 0 0 0 0 0 0 1 1
4 3 0 0 0 2 1
3 3 0 0 0 2 1
2 2 0 0 0 1 1
1 1 0 0 0 1 1
1 1 0 0 0 1
1 1 0 0 0 1


-1 -1 0 0 0 -1
-1 -1 0 0 0 -1
3 3 0 0 0 2 1 0 0 0 0 0 0 0 1 1 0 0 0 0 0 0 0 0 0 0 0 1 1
3 3 0 0 0 2 1 0 0 0 0 0 0 0 1 1 0 0 0 0 0 0 0 0 0 0 0 1 1
4 4 0 0 0 2 1 0 0 0 0 0 0 0 0 0 0 0 0 0 0 0 0 0 0 0 0 -1 -1
-9 -9 0 0 0 -7 -3 0 0 0 0 0 0 0 -2 -2 0 0 0 0 0 0 0 0 0 0 0 -1 -2
-9 -8 0 0 0 -6 -3 0 0 0 0 0 0 0 -2 -2 0 0 0 0 0 0 0 0 0 0 0 -2 -2
-9 -9 0 0 0 -7 -4 0 0 0 0 0 0 0 -2 -2 0 0 0 0 0 0 0 0 0 0 0 -2 -2
-10 -9 1 0 1 -7 -4 1 0 0 0 0 0 0 -2 -2 0 0 0 0 0 0 0 0 0 0 0 -2 -2
-8 -6 0 0 0 -4 -2 0 0 0 0 0 0 0 -1 -1 0 0 0 0 0 0 0 0 0 0 0 -1 -1
-5 -6 -1 -1 -1 -4 -2 0 -1 0 0 0 0 0 -1 -1 0 0 0 0 0 0 0 0 0 0 0 -1 -2
-9 -9 0 0 0 -7 -4 0 0 0 0 0 0 0 -2 -2 0 0 0 0 0 0 0 0 0 0 0 -1 -1 0 0 0 0 0 0 0 0 0 0 0 0 0 1 0 0 0 0 0 0 0 0 0 0 0 0 0 0 0 0 0 0 0 0 1
-2 -2 5 0 4 -11 -6 1 0 0 0 0 0 0 -3 -3 0 0 0 0 0 0 0 0 0 0 0 -4 -4 0 0 0 0 0 0 1 1
-22 -21 0 0 0 -16 -8 0 0 0 0 0 0 0 -4 -4 0 0 0 0 0 0 0 0 0 0 0 -4 -4
-23 -21 1 0 1 -15 -7 1 1 0 0 0 0 0 -3 -3 0 0 0 0 0 0 0 0 0 0 1 -3 -3 1 0 0 0 0 0 0 0 0 0 0 0 1 1 1 0 0 0 0 0 0 0 0 0 0 0 0 0 0 1 1 0 1 1 1
-13 -11 6 3 6 -7 -3 5 2 1 0 1 1 2 -1 0 1 0 0 0 0 1 0 0 0 0 1 0 1 1 1 0 1 0 1 1 1 0 0 0 0 1 0 0 0 1 0 0 1 1 0 0 1 1 0 0 1 1 1 1 1 0 1
8 11 0 2 -1 12 7 -1 2 2 0 1 1 -1 4 4 0 0 0 1 1 0 0 1 0 0 0 4 4 0 0 0 0 0 0 0 0 1
22 21 1 0 0 16 8 0 0 0 0 0 0 0 4 4 0 0 0 0 0 0 0 0 0 0 0 4 4
24 23 0 0 0 18 9 0 0 0 0 0 0 0 5 5 0 0 0 0 0 0 0 0 0 0 0 5 5
29 27 0 0 0 21 11 0 0 0 0 0 0 0 5 5 0 0 0 0 0 0 0 0 0 0 0 5 5
30 28 0 0 0 21 10 0 0 0 0 0 0 0 5 5 0 0 0 0 0 0 0 0 0 0 0 4 4
23 22 1 0 1 16 8 0 0 0 0 0 0 0 4 4 0 0 0 0 0 0 0 0 0 0 0 4 4
22 20 0 0 0 15 7 0 0 0 0 0 0 0 3 4 0 0 0 0 0 0 0 0 0 0 0 4 4
23 22 0 0 0 17 9 0 0 0 0 0 0 0 4 5 0 0 0 0 0 0 0 0 0 0 0 5 4
22 25 0 0 0 18 9 0 0 0 0 0 0 0 4 4 0 0 0 0 0 0 0 0 0 0 0 4 4
25 23 0 0 -1 17 8 -1 0 0 0 0 0 0 4 4 0 0 0 0 0 0 0 0 0 0 0 4 4
22 20 2 0 3 15 7 2 0 0 0 0 0 1 3 3 1 0 0 0 0 0 0 0 0 0 1 3 3 1 0 0 0 0 0 0 1 0 0 0 0 0 1 0 0 0 0 0 1 1 0 0 0 0 0 0 0 1 1 0 0 0 1 1
19 17 3 2 1 12 6 0 2 0 0 0 1 0 3 3 0 0 0 0 0 0 0 0 0 0 -1 3 3 -1 0 0 0 0 0 1 0 0 0 0 0 0 0 0 0 0 0 0 0 0 0 0 0 0 0 0 0 0 -1 0 0 0 -1
18 18 -3 -2 -2 14 8 -1 -1 -1 0 0 0 0 4 4 0 0 0 0 0 0 0 0 0 0 0 4 4 0 0 0 0 0 0 -1
22 21 0 0 0 16 8 0 0 0 0 0 0 0 4 4 0 0 0 0 0 0 0 0 0 0 0 4 5
28 27 0 0 0 21 11 0 0 0 0 0 0 0 5 5 0 0 0 0 0 0 0 0 0 0 0 5 5
28 25 -1 0 -1 18 8 0 0 0 0 0 0 0 3 3 0 0 0 0 0 0 0 0 0 0 0 2 1
5 3 1 1 0 3 1 0 0 0 0 0 0 0 1 1 0 0 0 0 0 0 0 0 0 0 0 1 1
3 3 0 0 0 2 1
3 3 0 0 0 2 1
2 2 0 0 0 2 1
2 2 0 0 0 2 1
3 2 0 0 0 2 1
3 3 0 0 0 2 1 0 0 0 0 0 0 0 0 0 0 0 0 0 0 0 0 0 0 0 0 1 1
3 3 0 0 0 2 1 0 0 0 0 0 0 0 1 1 0 0 0 0 0 0 0 0 0 0 0 1 1
4 3 0 0 0 2 1 0 0 0 0 0 0 0 1 1 0 0 0 0 0 0 0 0 0 0 0 1 1
3 3 0 0 0 2 1 0 0 0 0 0 0 0 1 1 0 0 0 0 0 0 0 0 0 0 0 1 1
3 3 0 0 0 2 1
3 2 0 0 0 2 1
2 2 0 0 0 1 1
1 1 0 0 0 1
1 1 0 0 0 1
1


-1 -1 0 0 0 -1
-1 -1 0 0 0 -1
3 2 0 0 0 2 1
3 2 0 0 0 2 1
2 2 0 0 0 2 1
2 2 0 0 0 2 1
3 2 0 0 0 2 1
2 2 0 0 0 1 1
2 2 0 0 0 1 1
2 2 0 0 0 1 1
2 2 0 0 0 1 1
2 2 0 0 0 1 1
4 -1 0 0 0 -13 -6 0 0 0 0 0 0 0 -3 -3 0 0 0 0 0 0 0 0 0 0 0 -3 -4
-21 -20 0 0 0 -16 -8 0 0 0 0 0 0 0 -4 -4 0 0 0 0 0 0 0 0 0 0 0 -4 -4
-23 -21 0 0 0 -16 -8 0 0 0 0 0 0 0 -4 -4 0 0 0 0 0 0 0 0 0 0 0 -4 -4
-21 -19 0 0 0 -13 -7 0 0 0 0 0 0 0 -3 -3 0 0 0 0 0 0 0 0 0 0 0 -3 -3
-16 -15 -1 0 -1 -11 -5 -1 -1 0 0 0 0 0 -2 -2 0 0 0 0 0 0 0 0 0 0 0 -1 -1 1 0 0 0 0 0 0 0 0 0 0 0 0 1 0 0 0 0 0 0 0 0 0 0 1 1 0 0 0 0 0 1 0 1 1
-2 3 6 1 3 6 5 1 2 1 0 0 1 0 3 4 0 0 1 1 1 0 0 0 0 0 0 4 4 0 0 0 1 1 0 1 1 1
24 22 0 0 0 17 9 0 0 0 0 0 0 0 4 5 0 0 0 0 0 0 0 0 0 0 0 5 5
28 26 0 0 0 19 10 0 0 0 0 0 0 0 5 5 0 0 0 0 0 0 0 0 0 0 0 5 5
26 24 0 0 0 17 8 0 0 0 0 0 0 0 4 4 0 0 0 0 0 0 0 0 0 0 0 4 4
22 20 0 0 0 15 7 0 0 0 0 0 0 0 4 4 0 0 0 0 0 0 0 0 0 0 0 4 4
21 21 0 0 0 16 8 0 0 0 0 0 0 0 4 4 0 0 0 0 0 0 0 0 0 0 0 4 4
27 26 0 0 -1 20 10 -1 0 0 0 0 0 0 5 5 0 0 0 0 0 0 0 0 0 0 0 4 4
25 22 0 0 0 16 8 0 0 0 0 0 0 0 4 4 0 0 0 0 0 0 0 0 0 0 0 4 4
22 22 -2 -1 -1 17 9 0 -1 0 0 0 0 0 4 4 0 0 0 0 0 0 0 0 0 0 0 4 4
23 22 0 0 0 16 8 0 0 0 0 0 0 0 4 4 0 0 0 0 0 0 0 0 0 0 0 4 4
23 21 0 0 0 16 8 0 0 0 0 0 0 0 4 4 0 0 0 0 0 0 0 0 0 0 0 4 3
19 18 0 0 1 14 7 0 0 0 0 0 0 0 3 4 0 0 0 0 0 0 0 0 0 0 0 4 4
22 22 0 0 0 17 9 0 0 0 0 0 0 0 4 4 0 0 0 0 0 0 0 0 0 0 0 4 5
27 25 -1 1 0 19 9 1 1 0 0 0 0 0 4 4 0 0 0 0 0 0 0 0 0 0 0 4 3
18 15 3 -1 2 10 4 2 -1 0 0 0 0 0 2 2 0 0 0 0 0 0 0 0 0 0 0 2 2 0 0 0 0 0 0 0 1
11 10 1 -2 1 8 4 1 -2 0 0 0 -1 0 2 2 0 0 0 0 0 0 0 0 0 0 0 2 2
10 9 1 -2 1 7 3 1 -2 -1 0 0 -1 0 2 2 0 0 0 0 0 0 0 0 0 0 0 2 2
9 8 1 -1 1 6 3 1 -1 -1 0 0 0 0 1 1 0 0 0 0 0 0 0 0 0 0 0 1 1
6 5 2 -1 1 4 2 1 0 -1 0 0 0 0 1 1 0 0 0 0 0 0 0 0 0 0 0 1 1
4 3 1 0 1 2 1
3 3 0 0 0 2 1
3 3 0 0 0 2 1 0 0 0 0 0 0 0 0 1 0 0 0 0 0 0 0 0 0 0 0 1 1
3 3 0 0 0 2 1 0 0 0 0 0 0 0 1 1 0 0 0 0 0 0 0 0 0 0 0 1 1
3 3 0 0 0 2 1 0 0 0 0 0 0 0 1 1 0 0 0 0 0 0 0 0 0 0 0 1 1
3 3 0 0 0 2 1
2 2 0 0 0 2 1
2 2 0 0 0 1 1
2 1 0 0 0 1
1




-1 -1 0 0 0 -1
-1 -1 0 0 0 -1
3 2 0 0 0 2 1
2 2 0 0 0 2 1
2 2 0 0 0 2 1
2 2 0 0 0 2 1
2 2 0 0 0 2 1
2 2 0 0 0 1 1
3 3 0 0 0 2 1
2 2 0 0 0 2 1
2 2 0 0 0 2 1
2 2 0 0 0 2 1
4 3 0 0 0 -6 -6 -1 0 0 0 0 0 0 -3 -3 0 0 0 0 0 0 0 0 0 0 0 -3 -3
-20 -19 0 0 0 -14 -7 0 0 0 0 0 0 0 -3 -3 0 0 0 0 0 0 0 0 0 0 0 -3 -3
-18 -17 0 0 0 -12 -6 0 0 0 0 0 0 0 -3 -3 0 0 0 0 0 0 0 0 0 0 0 -3 -3
-15 -13 0 0 0 -10 -5 0 0 0 0 0 0 0 -2 -2 0 0 0 0 0 0 0 0 0 0 0 -2 -2
-14 -14 0 0 0 -11 -6 0 0 0 0 0 0 0 -3 -3 0 0 0 0 0 0 0 0 0 0 0 -3 -3
-14 -13 1 0 0 -10 -5 0 0 0 0 0 0 0 -2 -2 0 0 0 0 0 0 0 0 0 0 0 -1 -1 1 0 0 0 0 0 0 0 0 0 0 0 0 1 0 0 0 0 0 0 0 0 0 0 0 0 0 0 0 0 0 0 0 1 1
3 13 3 2 -1 15 9 -1 2 1 0 1 0 0 4 4 0 0 0 0 0 0 0 0 0 0 0 3 4 0 0 0 0 0 0 1
20 20 1 1 0 15 8 0 0 0 0 0 0 0 4 4 0 0 0 0 0 0 0 0 0 0 0 4 4
20 19 0 0 0 14 7 0 0 0 0 0 0 0 4 4 0 0 0 0 0 0 0 0 0 0 0 4 4
21 20 0 0 0 16 8 0 0 0 0 0 0 0 4 4 0 0 0 0 0 0 0 0 0 0 0 4 5
26 25 -1 0 -1 19 9 -1 0 0 0 0 0 0 4 4 0 0 0 0 0 0 0 0 0 0 0 4 4
22 21 1 1 1 16 8 0 0 0 0 0 0 0 4 4 0 0 0 0 0 0 0 0 0 0 0 4 4
22 21 0 0 0 16 8 0 0 0 0 0 0 0 4 4 0 0 0 0 0 0 0 0 0 0 0 4 4
22 22 0 0 0 16 8 0 0 0 0 0 0 0 4 4 0 0 0 0 0 0 0 0 0 0 0 4 4
23 21 0 0 0 16 8 0 0 0 0 0 0 0 4 4 0 0 0 0 0 0 0 0 0 0 0 4 4
22 20 0 0 0 15 8 0 0 0 0 0 0 0 4 3 0 0 0 0 0 0 0 0 0 0 0 3 3
17 17 0 0 0 13 7 0 0 0 0 0 0 0 3 3 0 0 0 0 0 0 0 0 0 0 0 4 4
21 20 0 0 0 16 8 0 0 0 0 0 0 0 4 4 0 0 0 0 0 0 0 0 0 0 0 4 4
24 23 0 0 0 17 9 0 0 0 0 0 0 0 4 4 0 0 0 0 0 0 0 0 0 0 0 4 4
26 24 0 0 0 18 10 0 0 0 0 0 0 0 5 5 0 0 0 0 0 0 0 0 0 0 0 5 5
27 26 0 0 0 20 10 0 0 0 0 0 0 0 5 5 0 0 0 0 0 0 0 0 0 0 0 5 5
27 25 0 0 0 19 10 0 0 0 0 0 0 0 5 5 0 0 0 0 0 0 0 0 0 0 0 5 5
27 25 0 0 0 19 10 0 0 0 0 0 0 0 5 5 0 0 0 0 0 0 0 0 0 0 0 5 5
27 26 0 0 0 19 10 0 0 0 0 0 0 0 5 5 0 0 0 0 0 0 0 0 0 0 0 5 5
26 23 -3 -1 -4 16 6 -4 -1 0 0 0 0 -1 1 1 -1 0 0 0 0 0 0 0 0 0 0 1 0 0 0 0 0 0 0 -1 -1 0 0 0 0 0 0 0 0 0 0 0 -1 -1 0 0 0 0 0 0 0 -1
3 3 0 0 0 2 1
3 3 0 0 0 2 1 0 0 0 0 0 0 0 1 1 0 0 0 0 0 0 0 0 0 0 0 1 1
3 3 0 0 0 2 1 0 0 0 0 0 0 0 1 1 0 0 0 0 0 0 0 0 0 0 0 1 1
3 3 0 0 0 2 1
3 3 0 0 0 2 1
2 2 0 0 0 1 1
2 2 0 0 0 1 1
1 1 0 0 0 1

-1 -1 0 0 0 -1
-1 -1 0 0 0 -1
-1 -1 0 0 0 -1
-1 -1 0 0 0 -1
-1 -1 0 0 0 -1
-1 -1 0 0 0 -1
2 2 0 0 0 2 1
3 2 0 0 0 2 1
2 2 0 0 0 2 1
2 2 0 0 0 1 1
3 2 0 0 0 2 1
3 2 0 0 0 2 1
2 2 0 0 0 2 1
3 3 0 0 0 2 1
3 3 0 0 0 2 1
3 2 0 0 0 2 1
3 2 0 0 0 2 0 0 0 0 0 0 0 -1 -1 -2 0 0 0 0 0 0 0 0 0 0 0 -2 -3
-16 -15 0 0 0 -11 -6 0 0 0 0 0 0 0 -3 -3 0 0 0 0 0 0 0 0 0 0 0 -3 -3
-15 -14 0 0 0 -10 -5 0 0 0 0 0 0 0 -2 -2 0 0 0 0 0 0 0 0 0 0 0 -2 -2
-13 -12 0 0 0 -9 -5 0 0 0 0 0 0 0 -2 -2 0 0 0 0 0 0 0 0 0 0 0 -2 -2
-13 -13 0 0 0 -10 -5 0 0 0 0 0 0 0 -3 -3 0 0 0 0 0 0 0 0 0 0 0 -3 -3
-16 -15 0 0 0 -11 -6 0 0 0 0 0 0 0 -3 -3 0 0 0 0 0 0 0 0 0 0 0 -3 -3
-15 -14 0 0 0 -7 1 3 0 0 0 0 1 1 1 2 0 0 0 0 0 0 0 0 0 0 0 2 2 0 0 0 0 0 0 0 0 0 0 0 0 0 0 0 0 0 0 0 1 1
12 12 0 0 0 10 5 0 0 0 0 0 0 0 3 3 0 0 0 0 0 0 0 0 0 0 0 3 3
19 19 0 0 0 15 8 0 0 0 0 0 0 0 4 4 0 0 0 0 0 0 0 0 0 0 0 4 4
20 19 -1 1 0 13 6 1 1 0 0 0 0 1 3 3 1 0 0 0 0 0 0 0 0 0 1 3 3 1 0 0 0 0 0 0 0 0 0 0 0 0 1 0 0 0 0 0 0 1 0 0 0 0 0 0 0 1 1 0 0 0 1 1
16 16 1 1 0 12 6 -1 1 0 0 0 0 -1 3 3 0 0 0 0 0 0 0 0 0 0 0 4 4
22 21 -1 0 0 16 8 0 0 0 0 0 0 0 4 4 0 0 0 0 0 0 0 0 0 0 0 4 4
23 22 0 0 0 16 8 0 0 0 0 0 0 0 4 4 0 0 0 0 0 0 0 0 0 0 0 4 4
23 22 0 0 0 17 9 0 0 0 0 0 0 0 4 4 0 0 0 0 0 0 0 0 0 0 0 4 4
23 21 0 0 0 16 8 0 0 0 0 0 0 0 4 4 0 0 0 0 0 0 0 0 0 0 0 4 3
19 17 0 0 0 11 5 1 0 0 0 0 0 0 3 3 0 0 0 0 0 0 0 0 0 0 0 3 3
17 16 0 0 0 13 7 0 0 0 0 0 0 0 3 3 0 0 0 0 0 0 0 0 0 0 0 4 4
23 22 0 0 0 17 9 0 0 0 0 0 0 0 4 4 0 0 0 0 0 0 0 0 0 0 0 4 4
26 25 0 0 0 19 10 0 0 0 0 0 0 0 5 5 0 0 0 0 0 0 0 0 0 0 0 5 5
27 25 0 0 0 19 10 0 0 0 0 0 0 0 5 5 0 0 0 0 0 0 0 0 0 0 0 5 5
28 26 -1 0 -1 20 10 0 0 0 0 0 0 0 5 5 0 0 0 0 0 0 0 0 0 0 0 5 4
26 24 -2 1 -2 17 8 -1 1 1 0 0 0 -1 4 4 0 0 0 0 0 0 0 0 0 0 0 4 3 0 0 0 0 0 0 0 0 0 0 0 0 0 -1 0 0 0 0 0 0 0 0 0 1 0 1 0 0 0 0 0 0 0 0 -1
18 17 -3 2 -2 12 6 -2 2 1 0 1 1 -1 2 2 0 1 1 0 1 1 1 0 1 1 0 2 1 0 1 0 0 1 1 -1 -1 1 1 0 0 1 1 0 0 0 0 1 0 0 1 0 1 0 1 0 1 0 0 1 0 0 0 1
6 5 5 1 6 3 1 5 1 1 0 1 0 2 1 1 1 0 0 0 1 0 0 0 0 0 1 1 1 0 0 0 0 0 0 1 1 0 0 0 0 0 0 0 0 0 0 0 1 1 0 0 0 0 0 0 0 1 1
3 2 0 0 0 2 1
3 2 0 0 0 2 1
3 3 0 0 0 2 1
3 3 0 0 0 2 1
2 2 0 0 0 2 1
2 2 0 0 0 1 1
2 2 0 0 0 1 1
1 1 0 0 0 1

-1
-1 -1 0 0 0 -1
-1 -1 0 0 0 -1
-1 -1 0 0 0 -1
-1 -1 0 0 0 -1 -1
-1 -1 0 0 0 -1 -1
-1 -1 0 0 0 -1 -1
3 2 0 0 0 2 1
2 2 0 0 0 1 1
2 2 0 0 0 2 1
2 2 0 0 0 2 1
2 2 0 0 0 2 1
2 2 0 0 0 2 1
2 2 0 0 0 2 1
3 3 0 0 0 2 1
2 2 0 0 0 2 1
3 2 0 0 0 2 1
3 2 0 0 0 2 1
-3 -6 -2 -1 -2 -6 -3 -1 -1 0 0 0 0 0 -2 -2 0 0 0 0 0 0 0 0 0 0 0 -2 -2
-10 -10 0 0 0 -8 -4 0 0 0 0 0 0 0 -2 -2 0 0 0 0 0 0 0 0 0 0 0 -2 -2
-11 -11 0 0 0 -8 -4 0 0 0 0 0 0 0 -2 -2 0 0 0 0 0 0 0 0 0 0 0 -2 -2
-13 -12 0 0 0 -9 -4 0 0 0 0 0 0 0 -2 -2 0 0 0 0 0 0 0 0 0 0 0 -2 -2
-14 -14 0 0 0 -11 -6 0 0 0 0 0 0 0 -3 -3 0 0 0 0 0 0 0 0 0 0 0 -2 -2
-7 -2 1 0 0 0 0 -1 1 0 0 0 0 -1 1 1 -1 0 0 0 0 0 0 0 0 0 0 1 1 0 0 0 0 0 0 0 0 0 0 0 0 0 0 0 0 0 0 0 0 0 0 0 0 0 0 0 0 -1
6 6 2 -1 2 4 2 2 -1 0 0 0 0 1 1 1 1 0 0 0 0 0 0 0 0 0 0 1 1 0 0 0 0 0 0 0 0 0 0 0 0 0 0 0 0 0 0 0 0 1 0 0 0 0 0 0 0 1
9 9 1 1 0 8 4 -1 1 0 0 0 0 0 2 2 0 0 0 0 0 0 0 0 0 0 0 3 3
18 17 -1 0 0 13 7 0 0 0 0 0 0 0 3 3 0 0 0 0 0 0 0 0 0 0 0 3 3
20 19 0 0 0 14 7 0 0 0 0 0 0 0 4 4 0 0 0 0 0 0 0 0 0 0 0 4 4
21 20 0 0 0 15 8 0 0 0 0 0 0 0 4 4 0 0 0 0 0 0 0 0 0 0 0 4 4
23 22 0 0 0 17 9 0 0 0 0 0 0 0 4 4 0 0 0 0 0 0 0 0 0 0 0 4 4
23 21 0 0 0 16 8 0 0 0 0 0 0 0 3 3 0 0 0 0 0 0 0 0 0 0 0 2 2 0 0 0 0 0 0 0 0 0 0 0 1 0 0 1 1 0 0 0 0 0 0 1 0 0 0 1 0 0 0 0 0 1
8 6 -1 3 1 2 0 2 2 1 0 0 0 1 -1 -1 1 0 0 0 0 1 0 0 0 0 1 -1 -1 1 0 0 0 0 0 0 0 0 0 0 0 0 1 0 0 0 0 0 1 1 0 0 0 0 0 0 0 1 1 0 0 0 1 1
-5 -5 6 2 6 -4 -2 4 2 0 0 0 1 2 -1 -1 1 0 0 0 0 0 0 0 0 0 1 -1 -1 1 0 0 0 0 0 1 1 0 0 0 0 0 1 0 0 0 0 0 1 1 0 0 0 0 0 0 0 1 1 0 0 0 1 1
-5 -5 7 2 6 -4 -2 5 2 1 0 0 1 2 -1 -1 1 0 0 0 0 0 0 0 0 1 1 -1 -1 1 1 0 0 0 0 1 1 0 0 0 0 1 1 1 0 0 0 0 1 1 1 0 0 0 0 0 1 1 1 1 0 1 1 1
-7 -7 7 3 6 -5 -3 5 2 1 0 1 1 2 -1 -1 1 1 0 0 0 1 0 0 0 1 1 -1 -1 1 1 0 0 0 1 1 1 1 0 0 0 1 1 1 0 0 0 1 1 1 1 0 0 0 0 0 1 1 1 1 0 1 1 1
-8 -7 6 3 6 -5 -3 5 3 1 0 1 1 2 -1 -1 1 1 0 0 0 1 0 0 0 1 1 -1 -1 1 1 0 0 0 1 1 1 1 0 0 0 1 1 1 0 0 0 1 1 1 1 0 0 0 0 0 1 1 1 1 0 1 1 1
-7 -6 7 3 6 -5 -3 5 3 1 0 1 1 2 -1 -1 1 1 0 0 0 1 0 0 1 1 1 -2 -2 1 1 1 0 0 1 1 1 1 1 0 1 1 1 1 0 0 1 1 1 1 1 1 0 0 0 0 1 1 1 1 0 1 1 1
-11 -10 4 3 3 -8 -4 2 3 1 0 1 1 1 -2 -2 0 1 0 0 1 1 1 0 0 0 0 -2 -2 0 0 0 0 0 1 1 1 1 0 0 0 0 0 0 0 0 0 1 1 1
-14 -13 1 0 1 -9 -5 1 0 0 0 0 0 0 -2 -2 0 0 0 0 0 0 0 0 0 0 0 -2 -2
-9 -8 0 -1 -1 -5 -2 -1 -1 0 0 0 0 -1 -1 0 -1 0 0 0 0 0 0 0 0 0 -1 0 0 -1 0 0 0 0 0 0 0 0 0 0 0 0 0 0 0 0 0 0 0 0 0 0 0 0 0 0 0 -1 -1 0 0 0 -1
1 2 -1 -1 0 2 1
3 2 0 0 0 2 1
3 3 0 0 0 2 1
3 3 0 0 0 2 1
3 2 0 0 0 2 1
2 2 0 0 0 1 1
2 2 0 0 0 1 1
1 1 0 0 0 1
1 1

-1 -1 0 0 0 -1
-1 -1 0 0 0 -1
-1 -1 0 0 0 -1
-1 -1 0 0 0 -1 -1
-1 -1 0 0 0 -1 -1
-1 -1 0 0 0 -1 -1
-2 -2 0 0 0 -1 -1
2 2 0 0 0 2 1
2 2 0 0 0 2 1
2 2 0 0 0 1 1
2 2 0 0 0 1 1
2 2 0 0 0 2 1
2 2 0 0 0 2 1
2 2 0 0 0 2 1
2 2 0 0 0 2 1
3 2 0 0 0 2 1 0 0 0 0 0 0 0 0 0 0 0 0 0 0 0 0 0 0 0 0 0 1
3 3 0 0 0 2 1
2 1 0 0 0 -1 -1 0 0 0 0 0 0 0 -1 -1 0 0 0 0 0 0 0 0 0 0 0 -1 -1
-5 -5 0 0 0 -3 -1 0 0 0 0 0 0 0 -1 -1 0 0 0 0 0 0 0 0 0 0 0 -1 -1
-3 -3 0 0 0 -2 -1 0 0 0 0 0 0 0 -1
-1 0 -2 -1 -2 0 0 -2 -1 0 0 0 0 -1
2 2 -1 -1 -1 2 1 0 -1 0 0 0 0 0 0 0 0 0 0 0 0 0 0 0 0 0 0 -1 -1
-10 -13 -1 0 0 -11 -6 0 0 0 0 0 0 0 -4 -3 0 0 0 0 0 0 0 0 0 0 0 -3 -3
-15 -13 0 0 1 -9 -5 1 0 0 0 0 0 0 -2 -2 0 0 0 0 0 0 0 0 0 0 0 -2 -2 0 0 0 0 0 0 0 0 0 0 0 0 0 1 0 0 0 0 0 0 0 0 0 0 0 0 0 0 0 0 0 0 0 0 1
-9 -8 4 2 4 -5 -2 3 2 0 0 0 1 1 -1 0 1 0 0 0 0 0 0 0 0 0 1 0 0 1 0 0 0 0 0 1 1 0 0 1 0 0 1 0 0 0 0 0 1 1 0 0 0 0 0 0 0 1 1 0 0 0 1 1
-1 -1 2 1 1 1 1 0 1 0 0 0 0 0 0 0 0 0 0 0 0 0 0 0 0 0 0 1 1 0 0 0 1 0 0 0 0 0 0 1 0 0 0 0 1 0 0 0 0 0 0 0 0 1 0 1 0 0 0 0 1
6 7 -1 1 -1 7 4 0 1 1 0 1 1 0 2 2 0 0 0 0 1 0 0 0 0 0 0 2 2
13 12 0 0 1 9 4 1 0 1 0 0 0 1 2 2 0 0 0 0 0 0 0 0 0 0 0 2 2
13 12 2 1 2 9 5 1 0 0 0 0 0 1 2 2 0 0 0 0 0 0 0 0 0 0 0 2 2 0 0 0 0 0 0 0 0 0 0 0 0 0 1 0 0 0 0 0 0 0 0 0 0 0 0 0 0 0 0 0 0 0 0 1
9 7 5 0 5 3 1 5 0 0 0 0 0 2 0 0 1 0 0 0 0 0 0 0 0 0 1 -1 -1 1 0 0 0 0 0 1 1 0 0 0 0 0 1 0 0 0 0 0 1 1 0 0 0 0 0 0 0 1 1 0 0 0 1 1
-8 -9 6 2 4 -8 -5 2 1 1 0 0 0 1 -3 -3 0 0 0 0 0 0 0 0 0 0 0 -3 -3 0 0 0 0 0 0 1 1 0 0 0 0 0 0 0 0 0 0 0 1
-17 -16 1 0 1 -12 -6 1 0 0 0 0 0 0 -3 -3 0 0 0 0 0 0 0 0 0 0 0 -3 -3
-17 -16 1 0 1 -12 -6 1 0 0 0 0 0 0 -3 -3 0 0 0 0 0 0 0 0 0 0 0 -3 -3
-17 -16 1 0 1 -12 -6 0 0 0 0 0 0 0 -3 -3 0 0 0 0 0 0 0 0 0 0 0 -3 -3
-17 -15 1 0 1 -11 -6 1 0 0 0 0 0 0 -3 -3 0 0 0 0 0 0 0 0 0 0 0 -3 -2
-14 -13 1 0 1 -9 -5 1 0 -1 0 0 0 0 -2 -2 0 0 0 0 0 0 0 0 0 0 0 -2 -2
-10 -9 0 -1 0 -6 -3 -1 -1 0 0 0 -1 0 -1 -1 0 0 0 0 0 0 0 0 0 0 0 -1 -1 0 0 0 0 0 0 0 0 0 0 0 0 0 -1 0 0 0 0 0 0 0 0 0 0 0 0 0 0 0 0 0 0 0 0 -1
-5 -4 -3 0 -3 -2 -1 -2 0 0 0 0 0 -1 0 0 -1 0 0 0 0 0 0 0 0 0 -1 0 0 0 0 0 0 0 0 -1 -1 0 0 0 0 0 0 0 0 0 0 0 -1 -1 0 0 0 0 0 0 0 -1 -1
1 1 -2 -1 -1 2 1 0 -1
2 2 0 0 0 2 1
3 3 0 0 0 2 1
3 3 0 0 0 2 1
2 2 0 0 0 2 1
2 2 0 0 0 2 1
2 2 0 0 0 1 1
1 1 0 0 0 1 1
1 1 0 0 0 1
1 1 0 0 0 1
1 1


-1 -1 0 0 0 -1
-1 -1 0 0 0 -1
-1 -1 0 0 0 -1 -1
-1 -1 0 0 0 -1 -1
-2 -2 0 0 0 -1 -1
-2 -2 0 0 0 -1 -1
2 2 0 0 0 1 1
2 2 0 0 0 1 1
2 2 0 0 0 1 1
2 2 0 0 0 1 1
2 2 0 0 0 2 1
2 2 0 0 0 2 1
2 2 0 0 0 2 1
2 2 0 0 0 2 1
2 2 0 0 0 1 1
3 2 0 0 0 1 0 0 0 0 0 0 0 0 0 -1 0 0 0 0 0 0 0 0 0 0 0 -1 -1
-6 -6 1 0 0 -4 -2 0 0 0 0 0 0 0 -1 -1 0 0 0 0 0 0 0 0 0 0 0 -1 -1
-3 -3 0 0 0 -2 -1 0 0 0 0 0 0 0 -1 -1 0 0 0 0 0 0 0 0 0 0 0 -1
-2 0 0 0 -1 1 1 -1 0 0 0 0 0 0 0 1 0 0 0 0 0 0 0 0 0 0 0 1 1
3 3 0 0 0 2 1 0 0 0 0 0 0 0 1 1
3 3 0 0 0 2 1 0 0 0 0 0 0 0 0 0 0 0 0 0 0 0 0 0 0 0 0 0 -1
-10 -12 0 0 0 -11 -6 0 0 0 0 0 0 0 -3 -4 0 0 0 0 0 0 0 0 0 0 0 -3 -3
-15 -7 0 0 0 0 1 0 0 0 0 0 0 0 0 0 0 0 0 0 0 0 0 0 0 0 -1 -1 -1 -1 0 0 0 0 0 0 0 0 0 0 0 0 0 0 0 0 0 0 0 0 0 0 0 0 0 0 0 0 -1 0 0 0 -1
-7 -8 -1 -1 0 -7 -4 1 -1 0 0 0 0 0 -2 -2 0 0 0 0 0 0 0 0 0 0 0 -2 -3
-15 -14 0 0 0 -11 -5 0 0 0 0 0 0 0 -3 -3 0 0 0 0 0 0 0 0 0 0 0 -3 -3
-16 -16 0 0 0 -12 -6 0 0 0 0 0 0 0 -3 -3 0 0 0 0 0 0 0 0 0 0 0 -3 -2
-13 -12 3 2 3 -8 -4 3 2 1 0 0 1 1 -2 -2 1 0 0 0 0 0 0 0 0 0 1 -1 -1 1 0 0 0 0 0 1 1 0 0 0 0 0 1 0 0 0 0 0 1 1 0 0 0 0 0 0 0 1 1 0 0 0 1 1
-6 -5 3 1 3 -3 -1 2 1 1 0 1 0 1 0 0 0 0 1 0 0 0 0 0 1 0 0 0 0 0 0 0 0 1 0 1 1 0 1 0 0 0 0 0 0 0 0 0 1 1
-2 0 0 2 0 0 0 -1 1 0 0 0 1
2 2 -2 1 -2 1 1 -2 1 1 0 0 0 -1 0 0 0 0 0 0 0 0 0 0 0 0 0 1 1
2 2 -1 0 -1 1 1 -1 0 0 0 0 0 -1
0 1 -2 0 -1 1 1 -1 -1
2 2 -1 -1 -1 2 1 0 -1
3 3 0 0 0 2 1 0 0 0 0 0 0 0 1 1 0 0 0 0 0 0 0 0 0 0 0 1 1
3 3 0 0 0 2 1
3 2 0 0 0 2 1
2 2 0 0 0 2 1
2 2 0 0 0 2 1
2 2 0 0 0 2 1
2 2 0 0 0 2 1
3 3 0 0 0 2 1
3 2 0 0 0 2 1
2 2 0 0 0 1 1
2 2 0 0 0 1 1
1 1 0 0 0 1
1 1 0 0 0 1
1 1



-1 -1 0 0 0 -1
-1 -1 0 0 0 -1
-1 -1 0 0 0 -1
-1 -1 0 0 0 -1
-2 -2 0 0 0 -1 -1
-2 -2 0 0 0 -1 -1
2 2 0 0 0 2 1
2 2 0 0 0 1 1
2 2 0 0 0 1 1
2 2 0 0 0 1 1
2 2 0 0 0 2 1
2 2 0 0 0 2 1
2 2 0 0 0 2 1
2 2 0 0 0 2 1
3 2 0 0 0 2 0 0 0 0 0 0 0 0 0 0 0 0 0 0 0 0 0 0 0 0 0 -1 -1
-6 -6 1 1 1 -5 -2 0 0 0 0 0 0 0 -1 -1 0 0 0 0 0 0 0 0 0 0 0 -1 -1
-4 -4 0 0 0 -2 -1 0 0 0 0 0 0 0 -1 -1 0 0 0 0 0 0 0 0 0 0 0 -1 -1
-3 -2 0 0 0 -1
3 3 0 0 0 2 1 0 0 0 0 0 0 0 1 1 0 0 0 0 0 0 0 0 0 0 0 1 1
3 3 0 0 0 2 1 0 0 0 0 0 0 0 1 1 0 0 0 0 0 0 0 0 0 0 0 1 1
3 3 0 0 0 2 1 0 0 0 0 0 0 0 0 0 0 0 0 0 0 0 0 0 0 0 0 0 -1
-11 -12 0 0 0 -11 -6 0 0 0 0 0 0 0 -3 -4 0 0 0 0 0 0 0 0 0 0 0 -4 -3
-15 -7 0 0 0 0 1 0 0 0 0 0 0 0 1 1 0 0 0 0 0 0 0 0 0 0 0 1 1
3 3 0 0 0 2 1 0 0 0 0 0 0 0 1
-1 -2 -3 -1 -3 -2 -1 -2 -1 0 0 0 0 -1 -1 -1 0 0 0 0 0 0 0 0 0 0 0 -1 -1 0 0 0 0 0 0 -1 -1 0 0 0 0 0 0 0 0 0 0 0 -1 -1
-10 -10 1 -2 1 -9 -5 1 -1 0 0 0 0 0 -2 -3 0 0 0 0 0 0 0 0 0 0 0 -3 -3
-15 -14 0 0 0 -11 -5 0 0 0 0 0 0 0 -3 -3 0 0 0 0 0 0 0 0 0 0 0 -3 -3
-15 -14 0 0 0 -11 -5 0 0 0 0 0 0 0 -3 -3 0 0 0 0 0 0 0 0 0 0 0 -3 -3
-15 -14 0 0 0 -11 -5 0 0 0 0 0 0 0 -3 -3 0 0 0 0 0 0 0 0 0 0 0 -2 -2
-14 -14 0 0 0 -10 -5 0 0 0 0 0 0 0 -2 -2 0 0 0 0 0 0 0 0 0 0 0 -2 -2
-12 -10 0 0 0 -7 -3 1 0 0 0 0 0 0 -1 -1 0 0 0 0 0 0 0 0 0 0 0 0 0 -1 0 0 0 0 0 0 0 0 0 0 0 0 0 0 0 0 0 0 0 0 0 0 0 0 0 0 0 0 0 0 0 0 -1
2 3 -1 0 0 2 1 0 0 0 0 0 0 0 1 1 0 0 0 0 0 0 0 0 0 0 0 1 1
3 3 0 0 0 2 1
3 3 0 0 0 2 1 0 0 0 0 0 0 0 1 1 0 0 0 0 0 0 0 0 0 0 0 1 1
3 3 0 0 0 2 1
3 3 0 0 0 2 1 0 0 0 0 0 0 0 1 1
3 2 0 0 0 2 1
3 2 0 0 0 2 1
2 2 0 0 0 2 1
3 2 0 0 0 2 1
3 3 0 0 0 2 1
3 3 0 0 0 2 1
2 2 0 0 0 2 1
2 2 0 0 0 1
1 1 0 0 0 1
1 1 0 0 0 1
1 1



-1 -1 0 0 0 -1
-1 -1 0 0 0 -1
-1 -1 0 0 0 -1
-1 -1 0 0 0 -1
-1 -1 0 0 0 -1
-1 -1 0 0 0 -1 -1
2 2 0 0 0 1 1
2 2 0 0 0 2 1
2 2 0 0 0 1 1
2 2 0 0 0 1 1
2 2 0 0 0 2 1
2 2 0 0 0 2 1
2 2 0 0 0 2 1
2 2 0 0 0 1 1 0 0 0 0 0 0 0 0 0 0 0 0 0 0 0 0 0 0 0 0 0 -1
-5 -5 2 1 2 -5 -3 1 0 0 0 0 0 0 -1 -1 0 0 0 0 0 0 0 0 0 0 0 -1 -1
-5 -4 0 0 0 -3 -1 0 0 0 0 0 0 0 -1 -1 0 0 0 0 0 0 0 0 0 0 0 -1 -1
-3 -2 0 0 0 -1
2 2 0 0 0 2 1
3 3 0 0 0 2 1 0 0 0 0 0 0 0 1 1 0 0 0 0 0 0 0 0 0 0 0 1 1
3 3 0 0 0 2 1 0 0 0 0 0 0 0 1 1 0 0 0 0 0 0 0 0 0 0 0 1 1
3 3 0 0 0 2 1 0 0 0 0 0 0 0 1 0 0 0 0 0 0 0 0 0 0 0 0 0 -1
-10 -13 0 0 0 -11 -6 0 0 0 0 0 0 0 -3 -4 0 0 0 0 0 0 0 0 0 0 0 -4 -3
-13 -4 0 0 0 1 1 0 0 0 0 0 0 0 1 1 0 0 0 0 0 0 0 0 0 0 0 1 1
3 3 0 0 0 2 1 0 0 0 0 0 0 0 1 1 0 0 0 0 0 0 0 0 0 0 0 1 1
4 3 0 0 0 3 1 0 0 0 0 0 0 0 1 1 0 0 0 0 0 0 0 0 0 0 0 1 1
3 3 0 0 0 3 1 0 0 0 0 0 0 0 1 1 0 0 0 0 0 0 0 0 0 0 0 1
2 1 -2 -1 -2 0 0 -2 -1 -1 0 0 -1 -1 0 0 -1 0 0 0 0 0 0 0 0 0 -1 0 0 -1 0 0 0 0 0 0 0 0 0 0 0 0 -1 0 0 0 0 0 -1 -1 0 0 0 0 0 0 0 -1 -1 0 0 0 -1 -1
-2 -2 -3 0 -3 -2 -1 -2 0 0 0 0 0 -1 -1 -1 0 0 0 0 0 0 0 0 0 0 0 -1 -1 0 0 0 0 0 0 -1 -1 0 0 0 0 0 0 0 0 0 0 0 -1 -1
-4 -4 -2 0 -2 -3 -2 -1 0 -1 0 0 0 -1 -1 -1 0 0 0 0 0 0 0 0 0 0 0 -1 -1
-2 -2 -2 0 -2 -1 0 -2 0 -1 0 0 0 -1 0 0 0 0 0 0 0 0 0 0 0 0 0 0 0 0 0 0 0 0 0 0 -1 0 0 0 0 0 0 0 0 0 0 0 -1 -1
3 3 0 0 0 2 1 0 0 0 0 0 0 0 1 1 0 0 0 0 0 0 0 0 0 0 0 1 1
3 3 0 0 0 2 1 0 0 0 0 0 0 0 1 1 0 0 0 0 0 0 0 0 0 0 0 1 1
3 3 0 0 0 2 1 0 0 0 0 0 0 0 1 1 0 0 0 0 0 0 0 0 0 0 0 1 1
4 3 0 0 0 2 1 0 0 0 0 0 0 0 1 1 0 0 0 0 0 0 0 0 0 0 0 1 1
3 3 0 0 0 2 1 0 0 0 0 0 0 0 1 1
3 3 0 0 0 2 1 0 0 0 0 0 0 0 1 1 0 0 0 0 0 0 0 0 0 0 0 1 1
3 3 0 0 0 2 1
3 2 0 0 0 2 1
3 2 0 0 0 2 1
3 2 0 0 0 2 1
3 3 0 0 0 2 1
2 2 0 0 0 2 1
2 2 0 0 0 1 1
1 1 0 0 0 1
1 1 0 0 0 1
1 1 0 0 0 1
1 1





-1 -1
-1 -1 0 0 0 -1
-1 -1 0 0 0 -1
-1 -1 0 0 0 -1
1 1 0 0 0 1 1
2 2 0 0 0 1
2 2 0 0 0 1 1
2 2 0 0 0 1 1
2 2 0 0 0 1 1
2 2 0 0 0 2 1
2 2 0 0 0 1 0 0 0 0 0 0 0 0 0 0 0 0 0 0 0 0 0 0 0 0 0 0 -1
-5 -5 2 0 1 -4 -2 1 0 0 0 0 0 0 -1 -1 0 0 0 0 0 0 0 0 0 0 0 -1 -1
-4 -4 0 0 0 -2 -1 0 0 0 0 0 0 0 -1
-2 -2 0 0 0 -1
2 3 0 0 0 2 1
3 3 0 0 0 2 1
3 2 0 0 0 2 1 0 0 0 0 0 0 0 1 1 0 0 0 0 0 0 0 0 0 0 0 1 1
3 3 0 0 0 2 1 0 0 0 0 0 0 0 1 1 0 0 0 0 0 0 0 0 0 0 0 1 1
3 3 0 0 0 2 1 0 0 0 0 0 0 0 0 0 0 0 0 0 0 0 0 0 0 0 0 -1 -2
-13 -14 1 0 0 -12 -7 0 0 0 0 0 0 0 -4 -4 0 0 0 0 0 0 0 0 0 0 0 -3 -2
-7 0 0 0 -1 2 1 0 0 0 0 0 0 0 1 1 0 0 0 0 0 0 0 0 0 0 0 1 1
4 3 0 0 0 3 1 0 0 0 0 0 0 0 1 1 0 0 0 0 0 0 0 0 0 0 0 1 1
3 3 0 0 0 2 1 0 0 0 0 0 0 0 1 1 0 0 0 0 0 0 0 0 0 0 0 1 1
4 4 0 0 0 3 1 0 0 0 0 0 0 0 1 1 0 0 0 0 0 0 0 0 0 0 0 1 1
4 4 0 0 0 3 1 0 0 0 0 0 0 0 1 1 0 0 0 0 0 0 0 0 0 0 0 1 1
4 4 0 0 0 3 1 0 0 0 0 0 0 0 1 1 0 0 0 0 0 0 0 0 0 0 0 1 1
4 4 0 0 0 2 1 0 0 0 0 0 0 0 1 1 0 0 0 0 0 0 0 0 0 0 0 1 1
3 3 0 0 0 2 1 0 0 0 0 0 0 0 1 1 0 0 0 0 0 0 0 0 0 0 0 1 1
3 3 0 0 0 2 1 0 0 0 0 0 0 0 1 1 0 0 0 0 0 0 0 0 0 0 0 1 1
3 3 0 0 0 2 1 0 0 0 0 0 0 0 1 1 0 0 0 0 0 0 0 0 0 0 0 1 1
3 3 0 0 0 3 1 0 0 0 0 0 0 0 1 1 0 0 0 0 0 0 0 0 0 0 0 1 1
3 3 0 0 0 2 1 0 0 0 0 0 0 0 1 1 0 0 0 0 0 0 0 0 0 0 0 1 1
3 3 0 0 0 2 1 0 0 0 0 0 0 0 1 1 0 0 0 0 0 0 0 0 0 0 0 1 1
3 3 0 0 0 2 1 0 0 0 0 0 0 0 1 1 0 0 0 0 0 0 0 0 0 0 0 1 1
3 3 0 0 0 2 1 0 0 0 0 0 0 0 1 1 0 0 0 0 0 0 0 0 0 0 0 1 1
3 3 0 0 0 2 1
3 3 0 0 0 2 1
3 2 0 0 0 2 1
3 2 0 0 0 2 1
2 2 0 0 0 1 1
2 2 0 0 0 1
1 1 0 0 0 1
1 1 0 0 0 1
1 1


1





-1 -1
-1 -1
1 1 0 0 0 1
1 1 0 0 0 1
1 1 0 0 0 1
1 1 0 0 0 1
1 1 0 0 0 1 1
1 0 0 0 0 0 0 0 0 0 0 0 0 0 0 0 0 0 0 0 0 0 0 0 0 0 0 -1 -1
-5 -4 1 0 1 -4 -2 0 0 0 0 0 0 0 -1 -1 0 0 0 0 0 0 0 0 0 0 0 -1 -1
-3 -3 0 0 0 -2 -1
-2 -1 0 0 0 -1
2 2 0 0 0 2 1
3 2 0 0 0 2 1
3 3 0 0 0 2 1
3 3 0 0 0 2 1 0 0 0 0 0 0 0 0 0 0 0 0 0 0 0 0 0 0 0 0 1 1
3 3 0 0 0 2 1 0 0 0 0 0 0 0 1 1 0 0 0 0 0 0 0 0 0 0 0 1 1
3 3 0 0 0 2 0 0 0 0 0 0 0 0 -1 -1 0 0 0 0 0 0 0 0 0 0 0 -2 -3
-17 -16 0 0 0 -13 -7 0 0 0 0 0 0 0 -3 -3 0 0 0 0 0 0 0 0 0 0 0 -2
1 3 0 0 0 2 1 0 0 0 0 0 0 0 1 1 0 0 0 0 0 0 0 0 0 0 0 1 1
3 3 0 0 0 2 1 0 0 0 0 0 0 0 1 1 0 0 0 0 0 0 0 0 0 0 0 1 1
4 4 0 0 0 3 1 0 0 0 0 0 0 0 1 1 0 0 0 0 0 0 0 0 0 0 0 1 1
4 4 0 0 0 3 1 0 0 0 0 0 0 0 1 1 0 0 0 0 0 0 0 0 0 0 0 1 1
4 4 0 0 0 3 1 0 0 0 0 0 0 0 1 1 0 0 0 0 0 0 0 0 0 0 0 1 1
4 4 0 0 0 3 1 0 0 0 0 0 0 0 1 1 0 0 0 0 0 0 0 0 0 0 0 1 1
3 3 0 0 0 2 1 0 0 0 0 0 0 0 1 1 0 0 0 0 0 0 0 0 0 0 0 1 1
3 3 0 0 0 2 1 0 0 0 0 0 0 0 1 1 0 0 0 0 0 0 0 0 0 0 0 1 1
4 3 0 0 0 2 1 0 0 0 0 0 0 0 1 1 0 0 0 0 0 0 0 0 0 0 0 1 1
4 3 0 0 0 2 1 0 0 0 0 0 0 0 1 1 0 0 0 0 0 0 0 0 0 0 0 1 1
3 3 0 0 0 2 1 0 0 0 0 0 0 0 1 1 0 0 0 0 0 0 0 0 0 0 0 1 1
3 3 0 0 0 2 1 0 0 0 0 0 0 0 1 1 0 0 0 0 0 0 0 0 0 0 0 1 1
3 3 0 0 0 2 1 0 0 0 0 0 0 0 1 1 0 0 0 0 0 0 0 0 0 0 0 1 1
3 3 0 0 0 2 1 0 0 0 0 0 0 0 1 1 0 0 0 0 0 0 0 0 0 0 0 1 1
4 3 0 0 0 2 1
3 3 0 0 0 2 1
3 3 0 0 0 2 1
3 2 0 0 0 2 1
2 2 0 0 0 2 1
2 2 0 0 0 1
1 1 0 0 0 1
1 1 0 0 0 1












