33 50 Cr
1
1
1
1
1
2
2
2
2
2
2
2
2
2
2
2
2
2
2 0 1
2
2
3
3
2
2
2
2
2
2
2
2
1
1
1



1
1
1
1
1








1
1
1
1
1
1
1
1
1
2
2
2
2
2
1
1
1
1
2
2
2
2
2
2
2
2
2
2
1
1
1
1
1
1



1
1
1
1
1








1
1
1
1
1
1
1
1
1
2
5 -4 -2 0 2 1
14 1 -4 -1
7 3 -3 0 -1
2
2
1
1
1
2
2
2
2
1

1 0 1
2
2
2
2
1
1
1
1
1
1



1
1
1
1
1







1
1
1
1
1
1
1
1
1
1
14 -5 -2 0 -2 -2 0 1 1
15 0 1 0 1
17 0 -1 0 2 -1 0 -1
4 2 -1 0 -1 1
2
1
1
1
1
2
2
2
1
-1
-1
1
2
2
2
1
1
1
1
1
1
1



1
1
1
1







1
1
1
1
1
1
1
1
1
4 -3 -2 0 2 2 0 -1
17 2 0 0 0 0 0 -1
15 -1
17 -1
9 6 -2 0 -1 1
2
1

1
2
2
2
2
2
-1
-2

1
2
2
2
1
1
1
1
1
1
1



1
1


-1
-1




1
1
1
1
5 1 -5 2 -1 -1 0 1 0 -1
2
1
1
1
11 -8 -2 0 0 1 0 1
17 1
16 -1 0 -1 1
20 -1 -1
17 5 -2 0 1 -2 0 1
2 1
1

1
2
4 -2 -3 1 2 0 0 0 -1
9 1 -5 0 -2
10 0 -1 -1 1 -1
2 1
0 1
-2
-2

1
2
2
2
2
1
1
1
1
1






-1
-1
-1
-1
-1
-1
-1
1
1
1
2 -1
20 0 2 -1 2
13 4 -4 0 1
2 1 -1 0 -1
1
1
17 -4 -1 0 -2 -2
15 4 2 0 -1 0 0 -1 -1
18 -2 -2 -1 -2 -1
21 -1
22 2 -1 0 1 -1 0 -1
4 2 -1 0 -1 1
1

2 -2 -1 0 1 1
12 -3 -6 0 0 0 0 1 1
17 0 1 0 -1 0 0 -1 -1
18 0 0 0 1
12 -1 -1 0 -1 2 0 -1
4 3 -1 0 -1 1
1 1
-1
-2
-2

1
1
2
2
2
2
1
1
1






-1
-1
-1
-1
-1
-1
-1
1
1
1
3 -1
15 -3 0 0 1 -2 -1
19 -1
11 4 -3 0 1 0 0 1
2
2 -1 0 0 0 1
17 0 1 0 -1 -1 0 1
10 -5 -1 1 3 2 0 1 1
19
19 -1
21 1 1
8 6 -1 0 -1 1
0 1 1
0 -2 -2 1 2 1 0 -1
16 -5 -5 -1 -2 -1 0 1 1
18 2 1
15
18 -1 -1
16 3 -1 0 0 1 0 1
6 6 0 0 -1 1
0 0 2 0 1
-1
-2
-1
-1


1
2
2
2
1
1
1
1



-1
-1
-1
-1
-1
-1
-1
-1
-1
1
1
1
3 -2
14 -5 1 0 0 -2 0 -1
19 0 -1
20 1 -1 0 1 -1
8 5 -3 0 -1 1 0 1
3 -2 0 0 0 1
12 4 1 0 0 -2
14 -5 0 0 -1 -2
18
18 0 1 0 -1
18 1 1
14 1 -2 -1 2 0 0 1 1 0 0 0 -1
13 -1 -6 0 1 -1 0 1
14 -4 -3 0 -1
23 1 0 0 0 -1
18 0 -1
19 -1 -1
22 0 -1
20 4 -1 0 0 -1
8 6 -1 0 0 1
-2 0 -1
-2 -1
-1
-1
-1
-1

1
1
1
1
1
1
1
1
1
1


-1
-1
-1
-1
-1
-1

-1
1
1
1
4 -2
12 -6 1 0 0 1 1 -1
21
23 -1
19 4 -2 0 1 -1
6 -1 -2 0 -1 2 0 -1
11 4 0 0 0 -2
12 0 2 0 -1 -1 0 -1
17 -2 -1 0 1 0 0 1
16 4 0 0 1 1 -1 -2 -1
17 -1 -1 0 2 1 0 -1
14 3 1 0 2 2 -1 -3 -1 0 0 0 -1
26 -1 -1
22 3 -1 0 -1 1
24 0 0 0 1
20 1 3 -2 -1 0 0 0 0 1
22 -2 1 -1 1 0 0 0 -1
25
20 2 1 0 1 0 0 -1
10 7 0 0 0 1
-1
-1 0 -1 0 1
4 -1 -5 2 1
6 0 -6 1 -1
2 1 -2 1 -1









1
1
1


-1
-1
-1
-1
-1



1
1
1
3 -2
8 -2 1 0 -2 1 0 1
22 -1
23
23 1
13 5 -2 0 -1 1 -1 2
11 4 0 0 0 -2
7
21 -1 -1 0 -1 -1 -1 -2
17 -2 0 0 1 3 1 2
20 -1 0 0 -1 -1 0 0 -1
16 -5 -2 0 1 3 0 1
28
25 4 -1 0 0 -1 0 1
18 1 1
20 -2 -1 0 -1
23 1 -1 0 0 -1 0 0 -1
18 0 2
18 -1 1 -1 -1 1 0 1 1
10 5 1 0 3 1 0 0 -1
4 -1 -4 1 0 1 0 0 1
17 -2 -4 -2 -2
19
20 0 1
13 6 -1 -1
1
1
1
1





1
1
1

-1
-1
-1
-1
-1

1
1
1
1
1
1
3 -2
6
17 -4 2 0 1 -2
22 0 1
21 0 1
19 2 -1 0 2 -1 0 -1
12 3 -1 0 0 -1 0 -1
12 -1 -3 0 -1 -1 1 1 0 0 0 0 1
22 0 1 0 0 0 0 1
17 -5 -1 0 -1 -3 0 1
16 0 1 1 2 0 0 -1 -1 0 0 0 -1
21 -4 0 -1 -1 1 1 0 -1
26 -2 1
23 5 2 0 1 -1 0 -1
18 -1 -1
23 -1 -1
25 -1 -1
17 4 -1 1 0 2 0 -1 -1
17 -1 -5 0 0 0 0 1 2
22 -1 1 -2 -2 0 0 -1 -1
23 4 -2 0 2 -2
19 -1 0 0 0 -1
19
20 -1
13 7 1 0 -1
1
1
1



-1


1
1


-1
-1
-1


1
1
1
1
1
1
1
2 -1
6 -1
9 -2 2 0 -2 1 0 1
18 -1 1
18
18 0 1
16 1 0 0 0 1
17 -1 -1 0 0 -1
20 2 0 0 0 -4 1
18 0 0 0 -1 -3 -1 -1
21 -4 -2
17 -1 2 0 0 0 1
21 -2 0 1 0 -1
19 1 -1 0 -1 1 1 0 1
19 0 3 -2 -1 0 0 0 1
18 0 5 1 2 0 0 0 -3 -1
19 -2 5 2 -1 1 0 -1 3
21 2 1 1 0 1 0 1
21
21 0 -1 -1 1 -1 0 -1
23 -2 1 0 1 -2
21 0 -1
19 0 -1
21 -1
10 8 1 0 0 1
1
1



-1
-1


1
1


-1
-1
-1


1
1
1
1
2
1
1
2 -1 -1 0 1
6 0 -2 1 -1 0 0 0 1
6
11 -3 2 0 0 0 0 -1
16
16 1
16 -1
18 0 0 0 0 -1
21 2 -1 0 0 -2 0 -1
21 1 0 0 0 -2
24 1 1 0 -1 -1
18 -4 -2 0 0 0 0 1
22 1
15 2 3 -1 0 0 0 0 1
13 3 1 0 1 0 -1 1
12 -1 2 0 -1 1 -1 1 -1
17 1 0 -1 1 0 0 0 1
19 -2 1 -1 0 -1 1 -1 1
18 -1 1 0 1 -1
21 -1
22 -3 0 0 0 -2
23
23 0 -1
23 0 -1
9 8 0 0 0 1
1



-1
-1
-1

1
1
1


-1
-1
-1

1
1
1
1
1
1
1
1
3 -1
19 -2 0 -2 4 -3
9 3 -3 1 -2 1
7 -1 1 0 -1 1
14 -1 1
16 0 -1
17 0 -1
18 1 0 0 -1 -1
22 0 0 0 1 -1
23 1 0 0 0 -1
23 -1 0 0 1
19 3 0 0 0 0 0 -1
17 -1 -1 0 0 -1
8 2 -1 0 1 1 0 -1
11 2 0 -1 -1 1
7 1 1 -1
14
14 1 1 0 -1 -1 0 1
19 -3 -1 -1 1 -2 -1
19 1 -1 -1 -1 0 1 1 -2 1
22 1 1 0 -1 -2
19 0 2
21 0 1
21 0 1
10 5 -1 1 2 2 0 0 -1
6 0 -5 1
9 -1 -6
11 0 -6 -1
11 0 -6
7 2 -6 1
0 1 -1 0 -1
-1

1
1


-1
-1
-1


1
1
1
1
1
1
1
1
2 -1
8 -4 3 0 -3 1
18 1 -1 -1 1 -1
9 3 -3 0 -2 1
11 -2 1 0 1
18 -1 -1
20
17 2 0 0 0 1
21 -2 0 0 0 -1
24 1 0 0 0 -2
24 -1 0 0 -1 -1
19 2
17 2 2 0 -1 0 0 0 -1
11 0 1 0 0 1 0 1 -1
10 0 -1 0 1 0 0 0 1
8 1 -2
10 0 1 1 0 1 -1 -1
17 -1 0 -1 -1 -2 1
15 -2 2 0 -2 -3 0 1
14 -2 -4 0 1 1 0 0 1 0 0 0 0 1
17 3 2 0 -1 -1 0 -1
10 -2 1 1 1 2 0 1
16 0 1
17 -1 1
19 -1 -1 -1
18 0 1 0 0 1
17
18
18
19 1 1 0 -1 -1
1 3 1 0 0 1



1

-1
-1
-1
-1


1
1
1
1
1
2
1
1
2 -1
3
10 -5 4 0 -1 0 0 -1 1 0 0 0 -1
17 1 -1 0 1 -1
8 0 0 0 -2 1
17 -2 1 0 0 -1
20 0 1
17 1 0 0 1 1
21 -1
24 2 0 0 0 -1 1 -1
23 1
22 0 0 -1 -1 0 0 1
16 2 4 1
11 2 2 0 1
10 -2 1 1 0 -1
11 0 -2 1 1 0 0 1 1
9 0 -1 1 -1
7 0 0 1 1 0 0 0 0 1
11 -1 -2 0 0 -1 0 -1
18 -2 0 0 -1 0 0 1
10 2 1 0 2 1
12 -3 -2 1 1
18 -1 -4 1
19 0 -4 0 0 0 0 0 0 1
20 0 -3 1 -1 0 0 0 -1 1
16 1 1 1 -1 1 0 -1 1
17 0 1
17
19 -1
13 6 2 0 -1 -1 0 -1
-1



0 0 1

-1
-2
-1
-1

1
1
1
1
1
1
1
1
1
2 -1
3
3
10 -4 3 0 0 0 0 -1 1
11 4 -1 0 1 0 0 1
13 -4 2 -1 0 -1 0 -1 1
16 0 1
17 -2 0 0 0 1
23 -1
20 3 3 -1 0 0 0 0 -1
16 0 5 1 -1 0 0 0 0 -1
23 -2 3 -1 2 -1 0 1 -1
15 4 -1 0 0 1
15 -1 -4
18 -1 -3 -1 -1 1 0 0 1
18 3 1
10 1
10 -1 -1
15 -1 -1 0 0 1
15 3 2 0 0 0 0 -1 -1
14 0 -3 0 -1 0 0 -1
20 -3 1 -2 0 0 0 0 -1
23 1 1
23 0 0 0 0 -1
23
17 4 1 0 1 1 -1 -1
16 0 -1 0 0 -1
14 2 0 1 -1 -1 0 1 -1
17 0 2 -1 0 -1 0 2
3 4 3 0 2 1
-1
-1


-1
-1
-2
-2
-1


1
1
1
1
1
1
2 0 -1
2 0 -1
1
1
2
2
3 -1 1
12 -2 2 0 2 -1
8 -1 0 0 -2 1
13 -1 1
16 -2 1 0 0 1
18 2 2 0 0 0 0 -1 -1
16 0 -1 0 0 0 0 0 1
17 0 -2 -1 0 0 0 0 -1
18 -2 -2 0 -2 1 1
19 2 -1
19 -3 1 0 0 0 0 -1
22 2
16 1 -1
15 0 -2
18 -1 -3
17 2 0 0 -1
18 -3 -3 -1 -1 -1 0 2 2
12 3 3 0 2 1 0 -1 -1 0 0 0 -1
21 -5 -2 0 -1 -2
25 0 -1
24
22 2 1 0 -1 -1
20 -1 -2 0 -1 -1
17 2
13 3 0 0 0 -2 1
6 3 3 0 0 -2 -1 -1
-2 0 1 0 1
-2
-1
-1
-1
-1
-2
-2
-2
-1
-1

1
1
1
1
1
1
7 0 -1
7 1 -1
4 1 -1
1 1
1 -1
2
2
3 -1 2 1 -1 0 0 1
8 1 0 -1 2 -1
9 -2 2 0 0 0 0 -1 1
14 -1
16 1 1 0 -1
14 0 1
16 -1
20
20 1 0 0 0 -1
15 -1 2 0 -2 1 0 1
20 1
18
19 0 -1
22 -1
18 2 0 -1 0 1 0 1 1
14 3 2 1 2 0 0 0 0 0 0 0 -1
15 -2 -3 1
25 -1 0 0 0 -1 0 -1
25
24 1 0 -1 1 0 0 0 1
18 0 0 0 -1 3 0 -1 0 0 0 1
21 1
17 1
11 5 1 0 -1 -2
-2 1 1 0 1
-3
-2
-1
-1
-1
-2
-2
-3
-2
-2
-1


1
1
1

1
9
8 1
6 1
1 1

1
2
1
3 -1 2 0 -1
7 1 1 0 1 -1 0 0 -1
12 -4 0 0 0 -1
13 1
12
15 -1
20 -2
21 2 0 0 0 -1
14 1 -1
18 -1 1 -1 -1 -1 0 0 1
16 0 1 1 1 0 0 0 -1
17 0 -2 -1 0 0 0 0 1
17 0 -1 -1 -1 0 0 0 0 -1
18 -1 -3 0 2 1 0 0 1 1
19 -1 -2 -1 0 1 0 -1 -1
24 -1 -2 -1 -1 0 0 0 -1
25 0 1
23 0 1
21 0 1 1 1 0 0 0 -1
19 -1 0 -1 -1 0 0 0 -1
21
18 1
7 7 1 0 0 0 0 -1
-3
-3
-1
-1
-1
-2
-3
-3
-3
-2
-2
-2
-1
-1





9
8 1
5 2 1





1
4 -3 1 0 0 0 0 -1
9 -1 3 -1 -2 0 0 -1 1
9 0 3 -1 1
12 -1 1 -1 1 0 0 0 -1
16
21 -3
21 2
16 0 -1
18 -1 -2 -1 -1
19
18 1 1
15 1 1
18 -3 1
22 0 1 0 0 0 0 0 -1
24
23 1 1 0 -1
20 0 1 0 1 0 0 0 1 0 0 0 -1
19 0 4 -2 0 0 0 -1 -1
16 -1
20
17 1 0 0 -1 0 0 1
1 4 1 0 1 1
-3
-2
-1
-1
-2
-2
-3
-3
-3
-2
-2
-2
-2
-2
-1
-1
-1


7 0 1
6 1 1
3 2 1
1



-1 0 1

1 -1 1
1 1 1 0 1 1
2
2 0 1
7 -2 4 2
18 -4 3 -2 2 -1 0 -1 0 0 0 0 1
19 2
17 -1
20 0 -1
18 1 1
14
14
18 -1 -1
21 -2 -1
19 2 5 -2 -1 0 0 -1 -1 0 0 1
14 0 4 3 1 0 0 0 -1 -1 0 -1
12 0 -3 0 1 0 0 1 2 1 0 1
15 -1 0 -1 -1 0 0 0 -1
16 -1
20 0 0 0 0 -1
10 6 4 0 -1 0 0 -1 -1
-3
-3
-2
-1
-1
-2
-2
-3
-3
-3
-2
-2
-2
-2
-1
-1
-1
-1


0 0 1
0 0 1
-1
-1
-1
-1
-1
-1
-1
-1
0 -1
1
1
2
3 -1 2 0 -1
12 -2 4 0 2 0 0 -1 1
17 -1
18 0 1
16 1
14
16 -1 -2
21 -1 -1
16 1 2 0 2 0 0 0 0 0 0 0 -1
15 0 0 -1 -1 0 0 -1 -1
15
15
13 -1
16 0 1 0 0 0 0 0 1
16 1 0 2 2 -1 0 0 -1
6 2 -7 4 1 1 0 1
4 0 -8 3
4 0 -7 3 0 0 0 0 0 -1
2 1 -4 2 -1 0 0 0 0 -1
0 0 -2 1
-1
-2
-3
-3
-2
-2
-2
-2
-2
-1
-1
-1
-1




-1
-1
-1
-1
-1
-1
-1
-1
-1
0 -1
1
1
1
1
2 -2 1 0 -1 1
15 -2 1 0 1 -1 0 1
16
15
18 -1 -2
20 1 2 -1 -1
16 1 1 0 1 0 0 -1 -1
15
14
14
14 1
14 -2 -3 2 1
20 -2 -4 -1 -1 0 0 0 1
24
23
22
21
19
18
7 6 0 -2 0 0 0 0 -1
-2
-3
-3
-3
-2
-2
-2
-1
-1
-1
-1





-1
-1
-1
-1
-2
-2
-2
-1
-1
-1




1
8 -4 2 0 -1 -1 0 -1
14 -1 0 0 1
18 -1
17 1 2 1 1 0 0 0 -1
16 0 -2
17 0 -1
17 0 -1
16
16
17 -1
20 -1
22 0 1
22 0 1 -1
21 1 1 -1
19 1 3 -2 0 0 0 0 0 1
15 1 5 -2
11 1 7 -1 0 0 0 0 -1
4 2 4 2 1
-1 0 1
-3
-3
-3
-2
-2
-2
-1
-1
-1
-1




1
-1
-1
-1
-1
-1
-1
-1
-2
-1
-1
-1
1 1 -1
-1

0 -1
4 -1 -2 0 0 -1
6 -2 1 -1 1
11 -1 1 1 -1 0 0 0 1
17 -2 0 -1 1
20
19
18
18
15 2 2 -1 -1
9 1 3 1 0 0 0 0 -1
7 0 3 1
6 0 3 1
5 0 2 1
5 0 2 1
4 1 1 1
2
1 0 1
0 0 1
-1
-2
-2
-3
-2
-2
-2
-1
-1
-1
-1






-1
-1
-1
-1
-1
-2
-2
-2
-2
-1
1 -1
1
1
-1
0 -1 0 0 0 1
6 -1
1 1 0 0 0 1
1 -1 2 1 -1 0 0 0 -1
4 -1 4 2 -1
9 -1 6
11 0 6 1 0 0 0 0 0 -1
9 1 7 1 0 0 0 0 0 -1
5 1 6 1 1
3 0 2
3 0 1
3
3 0 1
2 0 1
1 0 1 -1
0 0 2
0 0 1
-1
-1
-1
-2
-2
-3
-2
-2
-2
-1
-1
-1
-1






-1
-1
-1
-1
-1
-1
-1
-1
-1
0 -1 -1
1
1
-1 1 1
-1
0 -1 0 0 0 1
6 -1
1 2 0 0 0 1
-1

1
1
3 0 1 1
2 0 0 0 1 0 0 0 1 -1
2 0 -1 -2
1 0 -1 -1
0 1
-2
-2
-2
-2
-1
-1
-1
-1
-1
-2
-2
-2
-2
-2
-2
-1
-1
-1






-1
-1
-1
-1
-1
-1
-1
-1
-1
1

0 1 1
-2
-2
0 -1
5 -1
1 2 0 0 0 1
-1
-1
0 0 1
1
1
2 0 1
1
1 0 1
-1
-2
-2
-2
-2
-1
-1
-1
-1
-2
-2
-2
-2
-2
-2
-1
-1
-1
-1






-1
-1
-1
-1
-1
-1
-1
-1



-1
-2
-2
-1 -1
5 -1
0 2 0 0 0 1
-2
-2
-2
-1 0 1
-1 0 1
0 0 1

-1
-1
-2
-2
-1
-1
-1
-1
-1
-1
-2
-2
-2
-1
-1
-1
-1
-1
-1








-1
-1
-1
-1
-1
-1
-1
-1
-1
-1
-1
-1
-1
0 -1
4
0 1
-1
-1
-2
-2
-1
-1
-1
-1
-1
-2
-2
-2
-1

-1
-1
-2
-2
-2
-1
-1
-1
-1
-1
-1
-1













-1
-2
-1
-1
-1
-1
-1
-2
0 -2
3 1 1
-1
-1
-2
-2
-2
-1
-1
-1
-1
-2
-2
-2
-1
-1
-1
-1
-2
-2
-2
-2
-1
-1
-1
-1
-1
-1
-1







