33 50 Cb





1
1
1
1
1
1
1
1
1
1
2
3
3
3
2
2
2
3
2 0 -1
1
1
1






1
1
1
1
1
1
1
1
1
1
1











1
1
1
1
1
1
1
1
1
1
2
2
2
2
1
2
3
3
4
3
2
1








1
1
1
1




1
1










1
1


1
7 -6 -4 0 2 1
20 1 -5 -2 1 0 0 -1
9 5 -5 0 -2
1
1
2
3
3
2
1
2
3
4
4
4
3
2
1







1
1
1
1

-1



1













1
1
20 -6 -3 0 -2 -2 0 1 1
19 0 1 0 0 1 0 1
21 1 0 0 2 -1 0 -1 1
4 3 -2 0 -1 1
1
2
3
3
3
1
1
3
4
5
5
4
3
2
1







1
1
1

-1



1
1
1










1
1
5 -5 -2 0 2 2 -1 -1
22 3 0 0 0 0 0 -1
18 0 -1
19 -1 0 0 -1
11 7 -2 0 0 1 0 1
1
2
3
3
2
1
1
2
3
5 -1
6
5
4
3
2
1






1
1
1





1
1
1
1
1
1




5 1 -5 3 -1 -1 0 1 1 -1
1 0 0 0 -1



15 -10 -3 0 0 0 0 2
23 1 -1 0 1
21 0 0 0 1
22 0 -2
19 5 -2 0 1 -2
2 1 0 0 -1 1 0 -1
2
3
3
3 0 -1 0 1
8 -4 -7 2 3
15 1 -8 1 -3 -1 0 1 -1
16 -1 -3 -1 3 -2
3 0 0 0 -1 1
5 -1
6
6
5
4
3
2 0 -1
1
1





1
1
1



1
1
1
1
1
1
1



-2 1 2 0 -1 2 -1
22 1 1 -1 1
16 5 -5 -1 1 -1 0 1 -1
1 1 -1 1 -1 0 0 -1

1 -1 0 0 0 1
24 -4 -1 0 -2 -2 -1 -1
24 3 3 0 -3 0 0 0 -1 0 0 0 1
23 -1 -2 -1 -2
25
24 2 -1 0 1 -1 0 -1
5 3 -2 0 -1 1
2
3
5 -3 -2 1 3 1 0 0 -1
21 -3 -7 -1 -2 0 0 1 1
25 1 2 0 0 0 0 0 -1
28 -1 1 0 2 -1
19 -2 -1 0 -2 3 0 -1
7 6 -2 0 -1 3 1 -1
4
5
6
6
5
4
3
3
2
1
1



1
1
1
1
1
1
1
1
1
1
1
1
2



-8 6 1 0 -1 2 -1
17 -3 0 0 1 -3 -1 1
21 -2 1 0 0 0 0 -1
14 6 -5 0 1 0 0 1
1
3 -3 -1 0 1 2
24 0 1 0 -1 -1 0 1
16 -5 0 1 4 3 0 2 1
25 1
24
24
11 6 -1 0 0 1 1
0 1 2 0 -1
2 -4 -1 1 4 1 0 -1 -1
25 -5 -4 -1 -3 -1
25 2 1
22
27 -2
24 4 -1 0 0 1 -1 1
10 11 1 0 -1 2 0 1
0 -3 3 -1 2
4
5
5
5
5
4
4
3
2
1



1
1
1
1
1
1
2
1
1
1
1
1
2



-12 9 0 0 0 2
14 -10 2 0 2 -5 -1
20 0 -1 0 -1
24 0 0 0 1 -1
10 7 -4 0 -1 0 0 1 -1
6 -6 0 0 1 3
19 4 1 0 0 -3 1
19 -6 -1 0 -2 -2
24 1
23 1 1 -1 -1 0 0 1 1
24
19 2 -3 -1 3 1 0 1 1 0 0 0 -1
16 1 -9 -1 1 -1 0 1
20 -7 -5 -1 -3 -1 0 -1 -1
30 1 0 0 0 -1
26 0 -1
26 -1 -2
30 -1 -1
27 4 -1 0 0 -1
12 12 -1
-17 -1 1 1 -2 1 0 0 -1
-3 -5 4 0 2 -1 0 0 1
4
4
4
4
4
4
4
3
2 1
1

1
1
1
1
1
1
2
2
2
1
1
1
1
1



-12 9 0 0 0 2
6 -18 3 0 1 -2 1 -2
24 1 -1
24 -1
23 2 -2 -1 1 -1 0 -1
10 -3 -1 -1 -3 4 0 -1 1
18 4 0 0 0 -4 0 0 0 0 0 0 0 0 1
16 0 2 0 -1 -1 -1 -1
25 -3 -1 0 2 -1 0 1
22 6 -1 0 1 2 -1 -3 -1
23 -1 -1 0 1 1 0 -1
23 3 0 0 1 2 -1 -2 -1
31
27 1 -1 0 -1 1
31 -1
28 2 3 -2 -2 0 0 0 1 1
30 -2 2 -2 2 0 0 0 -1 1
33
28 4 1 0 1
15 11 0 0 0 0 -1
-14 1 0 0 0 1
-12 -4 0 1 0 2 0 0 -1
10 -2 -7 3 1
14 1 -9 1 -1
6 2 -3 1 -2
3
3
3
3
3
2
1
1
1
1
1
1
1
2
2
2
2
2
2
1
1
1



-11 9 0 0 0 1 -1
-9 -13 5 0 -3 5 -1
26 1
24
24
14 7 -2 0 0 1 -1 2
17 4 0 0 1 -4 0 -1
11 1 0 1 0 1 0 -1
29 -2 -2 0 -2 -1 -1 -2
21 -2 1 0 2 5 1 1
27 -2 -1 0 -1
25 -4 -1 0 1 4 1
32 2
28 2
26 0 1 0 0 -1
27 -1
27 0 -1 0 0 0 0 0 -1
27 -1 2 0 1
24 2 1 -1 -1 0 0 0 1
13 6 1 0 3 0 0 0 -2
-3 -1 -10 0 0 2 -1 0 2 1 0 -1 -1
23 -4 -7 -3 -5 -1 0 0 -2 -1
28 0 1
30 -1 1
23 8 -2 -1 0 0 -1 1
3 1
2
2
2
2
1
1
1
1
1
1
1
1
2
2
2
1
2
1

-1
-1



-8 8 -1 0 1 -2 0 1
-21 -1 1 1 -1 1 0 1 -1
19 -8 5 -1 4 -4 -1 1
24
22 1 1
19 2 -1 0 2 -1 0 -1
18 0 -1 0 1 -1 -1 -1
21 0 -6 -1 -2 -1 1 2 0 0 0 0 1
29 1 1 0 0 -1 0 1
21 -5 -1 0 0 -3 0 1 0 0 0 0 0 1
23 1 0 1 1 0 0 -1
27 -5 0 -1 -2 0 1 -1 -1
29 1 2
27 2 1 0 1 0 0 -1
24 -1 0 0 1 1
29 -1 -1
31 -1 -1
24 3 0 1 -1 2 0 -1 -1
23 0 -4 0 1 0 0 1 2
26 0 1 -1 -1 0 0 -1 -1
26 4 -3 0 2 -3 1
26 -3 0 0 0 -2 -1
27
29 -1
21 9 2 0 -1 -1
2
2
2
1
1
1
2
2
1
1
1
1
1
2
2
1
1
1

-1
-2
-1



-2 3 -2 0 2 -2 1 -1
-21 1
-5 -15 7 0 -3 2 0 -2 1 0 0 0 -1 1
22 1 1
19 0 1
21
24 -2 -2 0 -1
28 0 0 0 0 -1
26 2 1 0 0 -4 1
26 -2 -1 0 -1 -3 -1
27 -2 -1 0 0 0 0 1
24 -1 2 0 0 0 1
26 -1 -2 1 0 0 0 0 1
25 0 0 0 0 0 1
25 0 3 -2 -2 0 0 0 1
23 0 6 1 2 0 0 0 -3 -1
24 -3 6 2 -1 1 0 -1 4
26 2 2 0 0 2 0 1
28 0 -1 0 0 0 0 0 1
29 0 -1 -1 1 -1 0 -1
29 -1 1 0 1 -2
28 -1 -1 0 -1 -1
29 0 -1
30 -1
16 11 1 0 0 1
2
2
2
2
2
1
1
1
1
1
1
1
1
1
1
1
1

-1
-2
-2
-2
1


1 -1 -1 0 1 1 0 -1 -1
-11 9 -6 2 -4 2 0 1 1 -1 0 0 0 1
-20 -1 1 0 -1
10 -10 6 0 5 -3 0 0 1 0 0 0 1 -1
18
22 -2 -1
26 -1
29 1 0 0 0 -2 1
26 2 0 0 1 -2 0 -1
28 1 0 0 0 -2
30 1 1 0 -1 -1
23 -3 -2 1 0 0 0 1
28 1 1
22 2 3 -1 -1
22 2 -2 0 1 0 0 1 1
19 1 1 -1 -1 1 -1 1 -1
22 3 0 -2 0 -2 1 1 2 0 0 0 -1
8 -3 15 -7 2 1 1 -3 0 2 0 0 -1 -1 0 0 0 0 1 0 0 0 0 -1
25 -2 2 0 2 -1 -1 1
30 -1 0 0 0 -1
28 -2 0 0 0 -1
30
31 0 -1
32
15 11 0 0 0 1
2
2
2
2
2
2
2
1
1
1
1
1
1
1
1
1
1
-1
-1
-2
-2
-1



-3 3 2 1 -3 1 -1 2
22 -2 1 -3 8 -4 0 -1 1
-9 10 -10 2 -7 2 0 0 -1 0 0 1 -1
-12 -10 5 0 -5 4 0 1 1 0 0 0 -1
18 0 0 0 0 1
25 0 -1
27 0 -1
28 1 0 0 -1 -1
27 1 0 0 1
28 0 0 0 0 -1
29 0 0 0 1
25 3 0 0 0 0 0 -1
21 -2 -2 0 -1 1
20 2 -1 0 1 1 0 -1 -1
23 2 0 -1 -1
14 3 1 -1 1 -1 1 -1
-21 7 2 4 0 1 1 -3 1 1 1 1 -1
-14 -8 -7 2 5 1 -1 0 0 -1 0 -1 -2 -2 0 0 0 0 0 0 0 0 0 0 1 1
22 -3 1 0 0 -3 -1
23 2 1 0 -1 -1 1 1 -1 1
27 0 1 0 0 -2 -1
27 -1 2
29 0 1
30 0 1
15 7 -2 1 3 2 0 0 -1
10 0 -6 0 0 0 0 0 1
14 -2 -7 -1
17 0 -7 -1
16 0 -7 -1
13 2 -7 1 0 0 0 0 -1
3 1 -1 0 -1
2
1
1
1
1
1
1
1
1
1

-1
-1
-1
-1
-1



-8 7 1 0 0 0 -1 -1
-1 -11 7 1 -4 1 0 -2 1
23 1 -1 -1 2 -2 0 -1 1 0 0 1 -1 1
-6 11 -11 1 -6 1 0 1 -2 0 0 0 -1
9 -11 5 0 3 -2 -1 -1 1 0 0 0 1 -1
28 -1 -1
30
26 4 1
27 -1 0 0 0 -1
29 1 0 -1 0 -2 0 1
28 -1 0 0 -1 -1
25 2
23 1 1 1 -1 1 0 1 -1 -1
21 -1 1 0 0 1 0 1 -1
21 0 -1 0 1 0 0 1 1
17 4 -3 0 1 -1
1 -1 -7 0 2 2 1 0 1 -1
19 -3 -2 -2 -3 -3 1 -1 -1
21 -2 0 0 -2 -3 0 1 1
19 0 -3 0 2 0 0 0 1
22 1 2 0 -1 -1
15 -3 2 1 2 3 0 2 1
24 0 1
26 -1 1
24
22 0 1 0 0 1
23 -1 0 0 0 1
25
26 -1
28 1 0 0 -1 -1 0 1
5 3 1 0 1 1
2
2
1
1
1
2
2
2
2
1

-1
-1
-1
-1
-1
1
1

-8 7 0 0 0 1 -1
-12
6 -10 9 -1 0 -1 0 -2 2
21 2 -2 -1 2 -2 1 -2 1 0 0 0 -1 1
0 -5 -2 1 -7 4 1 -2 1
27 -2 1 0 1 -1
29 0 1
26 3 1 0 1 1
27 -1
28 1 0 0 0 -1 0 -1
28
30 -1 0 -1 -1
27 1 3
21 3 1 0 1 -1
19 -3 2 1 0 -1 1 -1 1
20 1 -3 1 2 -1 0 1 1
18 -1 -3 1 -1
17 0 -2
18 -2 -2 0 -1 0 0 -1 0 1 0 0 -1
24 -2 -1 0 -1 -1 0 1
15 2 1 1 2 0 0 -1
18 -3 -2 1
25 -1 -4 1
26 0 -3 0 0 0 0 0 0 1
25 0 -3 1 -1 0 0 0 -1 1
21 1 1 0 -1 1 0 -1 2 -1
24 -1
25
28 -1
21 8 3 0 -1 -2 0 -1
3
2
2
2
2
2
2
2
2
1

-1
-1
-1
-1
-1
-1

1
1
-6 7 -1 0 0 -1 -1 1
-13 -1 1
-13 1 0 1 0 0 0 1 -1
6 -11 8 0 2 -1 0 -2 2
7 11 -3 0 1 -1 -1 3 -1 0 0 0 0 -1
17 -8 4 -1 2 -3 -1
24 0 2
23 0 0 0 0 1
28
27 1 1 0 1
26 0 1 1 -1
32 -2 2 -1 2 -1 0 1 -1
24 4 0 0 -1 1 0 0 0 0 0 0 -1
26 0 -2
26 -2 -3 0 -1 1
29 3 1
22 1
22 0 -2
23 0 -1 0 0 1 -1
22 3 2 0 0 -1 0 -1 -1
21 0 -3 0 -1 -1 0 -1
26 -3 1 -2 0 0 0 0 -1 1
29 1 1 0 1
30 0 -1 0 0 -1
29 -1
23 3 1 0 2 2 -1 -1 0 0 0 0 0 -1
25 0 -1 0 0 -1 0 0 1
23 3 0 1 -1 -1 0 1 -1
27 0 2 -1 1 -1 0 2
10 6 3 0 2 2
3
3
2
2
2
2
2
2
2
1

-1
-1
-1
-1
-1
-1

1
1
0 3 -2 0 2 -2 1 -1
-15 -1 1 0 -1
-13 0 1
-14 -1 2 1 -2 2 0 1 -1
10 -3 5 -1 4 -3 0 1
2 -5 2 1 -6 3 0 -1 1 0 0 0 -2 1
20 -1 1
21 0 1 0 0 1
25 -1 1 0 1
28 -1 0 -1 -1
29 0 0 -1
27 -1 -1 0 -2 2 1 0 0 0 0 0 0 1
26 3 -1 0 1
24 -3 1 0 0 0 0 -1
30
27 1
26 0 -2
28 -1 -2 -1
23 2 0 0 -1 1
25 -3 -3 -1 -1 -1 0 2 1
20 3 2 0 2 0 0 -1 -1 0 0 0 -1
26 -5 -3 -1 -1 -2
30 0 -1
32
30 2 0 0 -1 -1
27 -1 -2 -1 -1 -1
27 1
23 3 0 0 0 -3 1
13 4 4 0 0 -2 -1 -2 -1
4
3
2
2
2
3
3
3
3
2
1

-1
-1
-1
-1
-1
-1
2
2
3
2
-14 4 0 0 1 2 1 0 -1
-16 0 1
-16 0 1
-12 -5 5 1 -4 2 0 1 -1
4 1 0 -2 4 -2 0 1 -1
7 -5 4 1 -2 0 0 -2 2
20 -2 0 0 2
25 0 1 0 -1 0 0 -1 -1
22 0 2
24 -1 1
27 0 1 0 0 1
27 2 0 0 0 -1
18 1 2 0 -2 1 0 1
29 1 1
27
28
30
25 1 -1 0 0 1 0 1
23 2 1 1 2 0 0 0 0 0 0 0 -1
23 0 -2
29 -1 0 0 0 -1 0 -1
31
30 0 0 -1 1
22 0 1 1 -1 4 0 -2 0 1 0 1 -1 0 0 0 0 0 0 0 0 0 0 0 -1
28
27 1
21 5 1 0 0 -2 0 -1
5 1 1 0 1
3
3
3
2
3
3
3
3
3
2
2
1
-1
-1
-1
-1
-1
-1
2
2
3
-1 3 2 0 -1 -1
-13 0 -1
-15 1 -1
-17 0 -1
-18
-11 -6 6 1 -4 1
5 2 0 -1 1 -1 0 1 -1 0 0 0 -1 1
16 -9 0 0 -1 -2 0 0 1
20 1 1
19
22 -1
26 -2
26 2 0 0 0 -1
17 2 -1
23 -3 2 0 0 -2 0 -1
27 -1 -1 1 1
28 0 -3 -1 0 0 0 0 1
26 2 -3 -2 0 0 0 0 0 -1
25 -1 -3 0 1 1 0 0 1 1
26 0 -3 -1
27 -1 -2 0 -1 0 0 0 -1
29 0 1
29
27 1 1 0 1 0 0 -1 -1
25 -2 -1 -1 -1
29
27 2
17 7 1 0 -1 0 0 -1
4
3
3
3
3
3
3
4
4
3
3
2
1
1


-1
-1
-1
2
2
1 2 1 0 -1 -1 0 1
-10 2 2 1 1
-12
-12 0 -1
-13 0 -1
-14 1 -1
-15 0 -1
-5 -8 3 1 0 1 0 -3 1 0 0 0 -1
8 -1 9 -4 -5 0 0 -2 2 1
10 -1 10 -5 2 0 0 0 -1 1
17 -2 3 -2 2 0 0 0 -1 1
22
25 -2
24 2 1 0 0 -1
21 -2 -3 0 1
28 -2 -2 -1 -1
31
29 1 2
25 2 2
25 -2 1
29 1 2 0 0 0 0 0 -1
28 0 1
28
26 1 1
23 0 5 -2 1 0 0 -1 -1 1
24 -2
30 -1
27 2 1 0 0 0 0 1
9 5 2 0 1 1
3
3
2
3
3
3
4
4
4
3
2
2
1
1
1


-1
-1
3
3
1 3 -1 0 1 -1
-9 0 -3 1 1
-9 0 -3 1
-10 0 -2 1
-10 0 -3 1
-5 -1 -5 0 1
-7 1 -5 1
-9 -1 -1 2 -2 1 0 1 -1
-15 6 2 1 2 2 0 1 1
-23
-20 -2 4 2 -2 0 0 0 -1 1
-5 -6 15 2 -2 0 0 -1 3
18 -5 7 -3 4 -1 0 1 -2
22
26 -1
30 -1
28 2 2 0 -1
22 0 1
21 0 0 0 1
25 -1
25 0 0 0 -1
23 1 4 -1 -1
20 1 3 3 1 0 0 0 -1 -1 0 -1
18 0 -3 0 2 0 0 0 2 1 0 1
21 -1 -1 -1 -2 -1 0 0 -1
24 -2
29 0 0 0 0 -1
19 7 4 -1 -1 -1 0 -1 -1
4
3
3
2
2
3
3
3
3
3
3
2
2
1
1



-1
-1
3
3
2
2
2
2 0 -1
2
2
2
2
-14 7 0 0 0 3 1
-22
-22 0 -1
-18 -1 -1
-12 -3 2 1 -3 1 0 1 -2
13 -8 8 -1 5 -1 0 -1 1 0 0 0 1
25 -1 1
27 0 2
23 2 1 0 1
21
23 -2 -2
27 1 0 0 0 0 0 -1
23 1 0 0 1
23 0 0 0 -1
23
22 1
20 -1
25 -1 0 0 -1
25 2 2 1 1 -1 0 0 -1
13 2 -6 3 2 1 0 1
10 0 -8 3
10 0 -8 3
8 1 -6 3 0 0 0 0 0 -1
5 1 -3 2 -1 0 0 0 0 -1
3
3
3
3
3
3
2
2
1




-1
-1
-1
3
2
2
2
2
2
3
3
2
2
-12 8 -1 0 0 3
-19 0 -1
-17 -1 -1
-14
-15
-11 -3 3 1 -2 1 0 2 -2 0 0 0 1
19 -4 5 -1 3 -3 -1 2 -1
21 0 2
20 0 0 0 1
24 -2 -2
24 2 3 -1 -2 0 0 -1
22 0 0 1 1
23
22
23
20 1 1
19 -1 1
22 -1 -1
25
26
27
27
27 0 1
27 0 1
14 9 0 -3 0 0 0 0 -2
3
3
3
3
3
2
1
1

-1
-1
-1
-1
-1
-1
2
2
2
2
3
2
3
3
3
3
-5 7 -3 0 2 -1 0 1
-16 0 -1
-14 -1 -1
-13
-14 1
-16
1 -10 4 1 -1 -2 0 -1
15 -2 1 0 1
21 -1 1 -1 -1 0 0 0 1
18 1 4 1 2 0 0 -1 -2
19 -2 -2 0 -1 0 0 1 1
23
23
23
22 1 1
16 1 1 1 1 1
19 -2 -1
24 -1
26 0 -1
27
27 1 1 -1 -1
23 2 6 -4 -2 0 0 0 1 1
14 3 14 -5 -2 0 0 0 -1 0 0 1
5 0 8 3 5 0 0 0 0 0 0 -1 -1
3
3
3
3
2
2
2
1

-1
-1
-1
-1
-1
-1
-2
3
2
2
2
2
2
2
3
2
3
2 1
-8 2 -2 0 1 1 0 0 -1
-11 0 -1 0 -1
-12
-13 0 -1 1
-15 0 1 0 -1 1
2 -4 1 -1 4 -1 0 0 -1 0 0 0 1
7 -1 0 2 -2 0 0 0 1
13 -2 0 -1 1 0 0 0 1
19 -1 1
21 0 1
22 -1
24 0 1
19 4 5 -2 -3 -1 0 1 2 1
-1 5 13 2 1 1 0 0 -3 0 0 0 -1
-5 0 11 5 0 0 0 0 0 1
-6 0 12 5 0 0 0 0 0 1
-8 0 10 5 0 0 0 0 0 1
-7 0 10 5 0 0 0 0 0 1
-8 1 9 5 1 0 0 0 0 2
-12 1 4 2 1 0 0 0 1 1
-12 -1 -2 2 2
-5 -3 -6 -1 -1 0 0 1 1
2
3
3
3
2
2
2
1
1

-1
-1
-1
-1
-1
-1
-2
2
2
2
2
2
2
2
3
3
3
-3 3 1 0 1 0 0 -1 -1
-4 -1
-3 0 -1 0 2
0 0 -3 -2 0 0 0 0 0 -1
0 2 -1 0 0 -1
-17 2 0 0 0 2
-13 -1 1 1 -2
-5 -3 10 3 -2 0 0 0 1
2 -2 9 -3 1 0 0 0 0 0 0 -1
10 -2 4 -1 1 0 0 0 -1 1
13 0 4 1
12 1 6 1 0 0 0 0 0 -1
2 4 5 7 1 0 0 0 -1
-13 3 -1 3 1 1 0 1 2
-17 0 -1 1
-17 0 0 1
-17 0 -1 1
-16 -1 -3 2 1 0 0 0 0 -1
-12 -1 -6 2 1
-8 -1 -8 1 0 0 0 0 1
-2 -2 -5 -2 -1
2 0 0 0 -1
2
3
3
3
2
2
1
1
1


-1
-1
-1
-1
-1
-2
-2
2
2
2
2
2
2
2
2
2
-1 3 2 0 -1 0 0 -1
-5 -1
-3
2 -1 -1 0 -1
3
1 2 0 0 0 -1
-17 3 0 0 0 1
-4 -2 -3 -1 3 -3 -1
-12 3 -3 1 -2 1 0 -1 1
-15
-16 -1 1 1 -1 0 0 0 -1
-11 -2 7 3 -1
-3 -1 10 0 0 0 0 0 1
1 -1 6 -3 1
2 0 3 -3 1 0 0 0 0 1
2 0 1 -2 1
2 0 -1 -1
2 0 -1 -1
3
3
3
2
2
2
3
3
2
2
2
1
1
1


-1
-1
-1
-1
-1
-2
-2
2
2
2
2
2
2
2
2
0 2 2 0 -1
-6 -1 0 0 1 0 0 1
-3
0 -2 -1 0 0 0 0 1
3
3
1 2 0 0 0 -1
-17 3 0 0 0 1
-1 -5 0 0 0 -2 -1
3 1 -1 -1 1 0 0 -1 1
-4 2 -7 -1 1 0 0 0 -1
-13 2 -3 1 -2 0 0 0 1
-15 0 -1
-15 0 -1
-15 0 -1
-14 -1 -1
-6 -4 -4 0 1 0 0 1 1
3
3
3
3
3
3
3
3
3
3
3
2
1
1
1
1


-1
-1
-1
-1
-1
-1
-1
2
2
2
2
2
2
2
0 2 2 0 -1
-7 0 0 1 1 1
-4
-1 -2 -1
3
3
3
1 2 0 0 0 -1
-17 3 0 0 0 1
0 -4 0 0 0 -2 -1
3
4
3
0 1 -5 -2 1
-3 1 -7 -1 0 0 0 0 0 1
-4 0 -7 0 0 0 0 0 0 1
-1 -2 -4 -2 -2
3
3
3
3
3
3
3
3
3
3
2
2
2
1
1
1
1





-1
-1
-1
-1
2
2
2
2
2
2
0 2 2 0 -1
-6 0 0 1 1 0 0 0 1
-3 -1 -1
-1 -1 -1
3
3
3
3
0 4 1 0 -1 -2
-17 1 0 0 1 2
2 -2 -1 0 0 -1
3
4
4
4
4
4
3
3
3
4
3
3
3
3
3
3
3
2
2
1
1
1
1







-1
-1
-1
1
1
1
1
1
-1 1 2
-5 0 -1 0 1
-2 -1 -1
0 -1 -1
3
3
3
3
3
-4 6 1 0 0 -1
-14 -4 -1 0 1 2 -1
3
3
4
4
4
4
3
3
3
4
3
3
3
3
3
3
3
3
2
2
1
1












